index,fname,src_keyword_count,tgt_keyword_count,common_keyword_count,keyword_recall,keyword_precision,src_keywords,tgt_keywords,common_keywords,src_only_keywords,tgt_only_keywords
0,dev_0,40,10,7,0.175,0.7,ᆫ가|ᆫ가요|ᆸ니다|가슴|감기|감사|걸리|검사|그렇|기분|나요|답답하|도와주|많이|선생|아니|아니요|안녕하세요|알레르기|어떻|어서|어요|에게|오늘|요즘|운동|위하|으세요|의사|이것|전문의|주로|천식|최근|특별히|특히|항상|혹시|활동|힘들,ᆸ니다|검사|어렵|에게|위하|의사|전문의|증상|천식|확인,ᆸ니다|검사|에게|위하|의사|전문의|천식,ᆫ가|ᆫ가요|가슴|감기|감사|걸리|그렇|기분|나요|답답하|도와주|많이|선생|아니|아니요|안녕하세요|알레르기|어떻|어서|어요|오늘|요즘|운동|으세요|이것|주로|최근|특별히|특히|항상|혹시|활동|힘들,어렵|증상|확인
1,dev_1,28,7,3,0.1071,0.4286,3|30|jimmy|ᆯ래|그래|그럼|근데|금요일|날짜|농구|다리|때문|바꾸|복근|아까|아프|어떻|어서|엉망|에서|오늘|운동|이따|이랑|일정|잖아|주간|체육관,jimmy|ᆸ니다|도록|복근|설득|운동|초대,jimmy|복근|운동,3|30|ᆯ래|그래|그럼|근데|금요일|날짜|농구|다리|때문|바꾸|아까|아프|어떻|어서|엉망|에서|오늘|이따|이랑|일정|잖아|주간|체육관,ᆸ니다|도록|설득|초대
2,dev_2,25,9,3,0.12,0.3333,ᆫ지|거든|거의|건강|과일|그것|그래|그럼|그렇|그만|다른|닭고기|무슨|보이|어야|요즘|으려고|으면|음식|이랑|정말|주로|진짜|채소|훨씬,ᆸ니다|건강|결심|공유|그만|식단|에게|음식|자신,건강|그만|음식,ᆫ지|거든|거의|과일|그것|그래|그럼|그렇|다른|닭고기|무슨|보이|어야|요즘|으려고|으면|이랑|정말|주로|진짜|채소|훨씬,ᆸ니다|결심|공유|식단|에게|자신
3,dev_3,35,8,4,0.1143,0.5,ufo|같이|그것|그러면|근데|는데|다는|당연|당연히|대단|라서|로봇|무슨|바보|배우|보내|생기|아니|아무|아이고|얘기|어떻|언어|에서|영어|외계인|우주|이랑|인간|임무|자기|지구|친구|하나|화성,ufo|ᆫ다|다고|대단|대하|생각|에서|외계인,ufo|대단|에서|외계인,같이|그것|그러면|근데|는데|다는|당연|당연히|라서|로봇|무슨|바보|배우|보내|생기|아니|아무|아이고|얘기|어떻|언어|영어|우주|이랑|인간|임무|자기|지구|친구|하나|화성,ᆫ다|다고|대하|생각
4,dev_4,23,6,3,0.1304,0.5,ᆯ까|가.|거든|그럼|근데|내일|당연히|바꾸|생각|아니|아무튼|아쉽|어서|얼마|영화|오늘|이번|정말|주말|진지|학교|혼자|화제,ᆸ니다|내일|대신|영화관|오늘|학교,내일|오늘|학교,ᆯ까|가.|거든|그럼|근데|당연히|바꾸|생각|아니|아무튼|아쉽|어서|얼마|영화|이번|정말|주말|진지|혼자|화제,ᆸ니다|대신|영화관
5,dev_5,24,11,4,0.1667,0.3636,...|ᆯ지|건강|그래도|그런데|그만|기사|다고|다는|담배|당연히|대로|돌리|말씀|멋지|어서라도|여보|여사|위하|유발|으면|잖아|폐암|피우,ᆸ니다|건강|권유|느끼|다고|담배|동의|어렵|에게|위하|지만,건강|다고|담배|위하,...|ᆯ지|그래도|그런데|그만|기사|다는|당연히|대로|돌리|말씀|멋지|어서라도|여보|여사|유발|으면|잖아|폐암|피우,ᆸ니다|권유|느끼|동의|어렵|에게|지만
6,dev_6,21,7,4,0.1905,0.5714,mr.|rry.|she|white|ᆸ니다|그것|기다리|깜빡|드리|미안|부탁|사인|선생|실례|아마|어서|어야|어요|여기|예요|으면,mr.|sherry|white|ᆸ니다|사인|에게|요청,mr.|white|ᆸ니다|사인,rry.|she|그것|기다리|깜빡|드리|미안|부탁|선생|실례|아마|어서|어야|어요|여기|예요|으면,sherry|에게|요청
7,dev_7,50,17,7,0.14,0.4118,ka|ren.|ᆫ다|거기|거든|게임|구나|그래|그래서|그렇|끝내|너무|는데|담그|도서관|려고|많이|면서|모래|모르|무릎|배구|보내|보이|부모|수영|시원|아니|아마도|안녕|어디|어서|어야|에서|오르내리|이렇|정도|정말|조깅|주말|지내|차갑|초대|친구|태닝|편안|필요|해변|햇볕|힘들,karen|ᆸ니다|경험|는지|다고|머무르|보내|보이|본인|습니다|어디|어떻|에게|에서|주말|편안|해변,보내|보이|어디|에서|주말|편안|해변,ka|ren.|ᆫ다|거기|거든|게임|구나|그래|그래서|그렇|끝내|너무|는데|담그|도서관|려고|많이|면서|모래|모르|무릎|배구|부모|수영|시원|아니|아마도|안녕|어서|어야|오르내리|이렇|정도|정말|조깅|지내|차갑|초대|친구|태닝|필요|햇볕|힘들,karen|ᆸ니다|경험|는지|다고|머무르|본인|습니다|어떻|에게
8,dev_8,24,8,3,0.125,0.375,간단|거의|관심사|그럼|보통|사진|스튜디오|시간|어떤|어서|에서|여가|인화|잖아|정말|좋아하|지만|직업|직접|취미|특별|평소|현상|형태,ᆸ니다|대하|사진|스튜디오|에게|이야기|자신|취미,사진|스튜디오|취미,간단|거의|관심사|그럼|보통|시간|어떤|어서|에서|여가|인화|잖아|정말|좋아하|지만|직업|직접|특별|평소|현상|형태,ᆸ니다|대하|에게|이야기|자신
9,dev_9,74,14,9,0.1216,0.6429,200|bill|gate|ᆫ가|ᆫ데|각각|거기|게스트하우스|고용|구나|그거|그것|그냥|그래서|그렇|극장|꾸미|꿈꾸|다고|다르|다양|도서관|돌보|때문|려고|려면|마을|만약|멋지|모든|복원|사실|상상|상태|새로|생각|성격|수영장|시골|시기|아니|어디|어떻|어서|어야|에서|역사|연결|영국|오래|원래|위하|으니까|으로|을지|이루어지|이유|인터넷|정도|정말|정원|조용|좋아하|중고|중요|처럼|청소|컴퓨터|코티지|필요|한두|항상|현대식|확실히,bill|gate|ᆸ니다|다고|대답|대하|멋지|생각|성격|에서|오래|이야기|지만|코티지,bill|gate|다고|멋지|생각|성격|에서|오래|코티지,200|ᆫ가|ᆫ데|각각|거기|게스트하우스|고용|구나|그거|그것|그냥|그래서|그렇|극장|꾸미|꿈꾸|다르|다양|도서관|돌보|때문|려고|려면|마을|만약|모든|복원|사실|상상|상태|새로|수영장|시골|시기|아니|어디|어떻|어서|어야|역사|연결|영국|원래|위하|으니까|으로|을지|이루어지|이유|인터넷|정도|정말|정원|조용|좋아하|중고|중요|처럼|청소|컴퓨터|필요|한두|항상|현대식|확실히,ᆸ니다|대답|대하|이야기|지만
10,dev_10,24,8,1,0.0417,0.125,ᆫ데|가족|그렇|너무|동안|떠나|모르|무슨|보호|부럽|소리|아마|어서|얼마나|엄마|요즘|을지|이제|인생|정도|정말|펼치|피곤|행복,ᆫ다|독립|보호|어머니|이루|인하|자신|지치,보호,ᆫ데|가족|그렇|너무|동안|떠나|모르|무슨|부럽|소리|아마|어서|얼마나|엄마|요즘|을지|이제|인생|정도|정말|펼치|피곤|행복,ᆫ다|독립|어머니|이루|인하|자신|지치
11,dev_11,79,19,15,0.1899,0.7895,ᆫ다고|가격|간혹|거슬리|관심|광고|광고판|그거|그것|그러면|그런|근데|나누|낮추|너무|네온사인|노력|느낌|는데|다고|다는|다양|대신|대하|더라|도시|동의|들리|때문|려고|많이|매장|메일|방송|보이|브랜드|사람|사용|사진|색깔|생각|스팸|슬로건|어떤|어야|에서|여기|요소|유지|으니까|으로|으면|음악|이나|이름|이해|자주|잖아|적히|전단지|정말|정보|제품|좋아하|주목|지겹|지만|지하철|충성도|캠페인|코미디|쿨하|특정|특히|팔리|피하|현대|홍콩|회사,ᆫ다|광고|광고판|너무|다고|대하|반면|방송|사용|생각|싫어하|요소|이야기|전단지|좋아하|지만|코미디|홍콩|회사,광고|광고판|너무|다고|대하|방송|사용|생각|요소|전단지|좋아하|지만|코미디|홍콩|회사,ᆫ다고|가격|간혹|거슬리|관심|그거|그것|그러면|그런|근데|나누|낮추|네온사인|노력|느낌|는데|다는|다양|대신|더라|도시|동의|들리|때문|려고|많이|매장|메일|보이|브랜드|사람|사진|색깔|스팸|슬로건|어떤|어야|에서|여기|유지|으니까|으로|으면|음악|이나|이름|이해|자주|잖아|적히|정말|정보|제품|주목|지겹|지하철|충성도|캠페인|쿨하|특정|특히|팔리|피하|현대,ᆫ다|반면|싫어하|이야기
12,dev_12,84,17,9,0.1071,0.5294,ang.|chan|jackie|mr.|zh|ᆫ데|가능|가르치|가지|강하|거나|거든요|거절|건강|결혼|경험|그거|그것|그다지|그래서|그러니까|그럼|그렇|그쪽|근데|기분|남자|네요|노력|누구|는지|다고|다는|답답|당신|당하|더라도|데이트|도움|라도|라면|만나|무슨|무엇|미국|변화|별로|보다|보이|분명히|생각|세요|손해|솔직|스럽|시도|신경|아니|아마|아주|안녕하세요|어도|어떻|어야|어요|에게|에요|여자|예요|왜냐면|운동|원하|은데|의견|자연|자주|잖아요|적어도|전혀|정말|좋아하|중국|지요|하지만,mr.|zhang|ᆫ다고|ᆸ니다|거절|건강|구하|권유|남자|당하|또다시|미국|선호|에게|여자|운동|조언,mr.|거절|건강|남자|당하|미국|에게|여자|운동,ang.|chan|jackie|zh|ᆫ데|가능|가르치|가지|강하|거나|거든요|결혼|경험|그거|그것|그다지|그래서|그러니까|그럼|그렇|그쪽|근데|기분|네요|노력|누구|는지|다고|다는|답답|당신|더라도|데이트|도움|라도|라면|만나|무슨|무엇|변화|별로|보다|보이|분명히|생각|세요|손해|솔직|스럽|시도|신경|아니|아마|아주|안녕하세요|어도|어떻|어야|어요|에요|예요|왜냐면|원하|은데|의견|자연|자주|잖아요|적어도|전혀|정말|좋아하|중국|지요|하지만,zhang|ᆫ다고|ᆸ니다|구하|권유|또다시|선호|조언
13,dev_13,45,12,7,0.1556,0.5833,ᆫ가|ᆫ데요|ᆯ게요|가장|골프|궁금|그것|그러니까|그러면|그럼|그렇|금기|남성|남자|냐는|네요|누구|니까|다고|다는|다르|라고|라도|모든|바꾸|보다|분류|비교|생각|세요|스포츠|어서|어요|에게|에서|여성|예요|우리|일반|접촉|좋아하|지만|질문|처럼|축구,ᆫ지|ᆸ니다|남성|다고|대답|무엇|물어보|보다|비교|스포츠|에게|여성,남성|다고|보다|비교|스포츠|에게|여성,ᆫ가|ᆫ데요|ᆯ게요|가장|골프|궁금|그것|그러니까|그러면|그럼|그렇|금기|남자|냐는|네요|누구|니까|다는|다르|라고|라도|모든|바꾸|분류|생각|세요|어서|어요|에서|예요|우리|일반|접촉|좋아하|지만|질문|처럼|축구,ᆫ지|ᆸ니다|대답|무엇|물어보
14,dev_14,46,9,3,0.0652,0.3333,ᆫ가|ᆯ까요|가을|거기|거의|겨울|그런데|그럼|그렇|기후|나요|남부|내내|대표|도시|따뜻|많이|매우|미국|반대|보스턴|부분|북쪽|불평|사람|샌디에이고|습니다|시애틀|시카고|아니|아름답|어떻|어요|에서|에요|여러|오리건|워싱턴|으로|은가|익숙|주로|지만|특히|포틀랜드|항상,ᆸ니다|그리고|대하|도시|따뜻|많이|설명|이러|질문,도시|따뜻|많이,ᆫ가|ᆯ까요|가을|거기|거의|겨울|그런데|그럼|그렇|기후|나요|남부|내내|대표|매우|미국|반대|보스턴|부분|북쪽|불평|사람|샌디에이고|습니다|시애틀|시카고|아니|아름답|어떻|어요|에서|에요|여러|오리건|워싱턴|으로|은가|익숙|주로|지만|특히|포틀랜드|항상,ᆸ니다|그리고|대하|설명|이러|질문
15,dev_15,34,9,8,0.2353,0.8889,"2,000|ᆯ게요|ᆸ니다|감사|결정|기반|능력|다시|다음|당연히|드리|만족|보상|부터|사정|생각|성과|신입|실감|어서|어요|올라가|월급|으로|이거|이번|이해|인상|조지|줄리아|지만|최선|한테|회사",ᆸ니다|결정|따르|만족|성과|월급|인상|조지|줄리아,ᆸ니다|결정|만족|성과|월급|인상|조지|줄리아,"2,000|ᆯ게요|감사|기반|능력|다시|다음|당연히|드리|보상|부터|사정|생각|신입|실감|어서|어요|올라가|으로|이거|이번|이해|지만|최선|한테|회사",따르
16,dev_16,53,12,5,0.0943,0.4167,arden|ᆫ가|ᆫ다고|ᆫ데|ᆯ지|ᆸ니다|게다가|결과|결정권자|경험|계속|그런데|그렇|기다리|기회|너무|네요|놓치|다르|당신|동료|떨어지|만족|모르|받아들이|사람|사무실|생각|선발|소식|습니다|승진|심각|아니|안타깝|어도|어떻|어야|어요|언젠가|얼굴|었었|에게|에요|여러|열심히|우리|자격|자리|정말|죄송|최선|확실하,ᆸ니다|격려|계속|노력|다고|라고|선발|실망|에게|자리|전하|지만,ᆸ니다|계속|선발|에게|자리,arden|ᆫ가|ᆫ다고|ᆫ데|ᆯ지|게다가|결과|결정권자|경험|그런데|그렇|기다리|기회|너무|네요|놓치|다르|당신|동료|떨어지|만족|모르|받아들이|사람|사무실|생각|소식|습니다|승진|심각|아니|안타깝|어도|어떻|어야|어요|언젠가|얼굴|었었|에요|여러|열심히|우리|자격|정말|죄송|최선|확실하,격려|노력|다고|라고|실망|전하|지만
17,dev_17,48,13,6,0.125,0.4615,ara.|sara|ᆯ까|가볍|가이드|가져가|감기약|고맙|괜찮|그런데|그렇|그리고|깜빡|끝나|네요|라니까요|많이|멀미|면서|반창고|서랍|서류|신분증|아니|아빠|아프|안녕|약속|어디|어요|여기|여행|예요|우비|우산|으니까|은데|이랑|잖아요|잠깐|조심|좋아하|중요|증명서|지도|책상|챙기|필요,sara|ᆫ다|가볍|가져가|가지|다른|상기|시키|신분증|에게|여행|준비물|챙기,sara|가볍|가져가|신분증|여행|챙기,ara.|ᆯ까|가이드|감기약|고맙|괜찮|그런데|그렇|그리고|깜빡|끝나|네요|라니까요|많이|멀미|면서|반창고|서랍|서류|아니|아빠|아프|안녕|약속|어디|어요|여기|예요|우비|우산|으니까|은데|이랑|잖아요|잠깐|조심|좋아하|중요|증명서|지도|책상|필요,ᆫ다|가지|다른|상기|시키|에게|준비물
18,dev_18,27,8,6,0.2222,0.75,6|ᆫ가요|ᆯ까요|ᆸ니다|가방|감사|까지|나요|는군요|드리|떠나|방금|보관|세요|습니다|양식|어떻|어요|여기|오늘|오후|이렇|작성|저녁|저희|정말|체크아웃,6|ᆸ니다|가방|까지|보관|에게|오후|요청,6|ᆸ니다|가방|까지|보관|오후,ᆫ가요|ᆯ까요|감사|나요|는군요|드리|떠나|방금|세요|습니다|양식|어떻|어요|여기|오늘|이렇|작성|저녁|저희|정말|체크아웃,에게|요청
19,dev_19,24,10,6,0.25,0.6,ms.|mur|murphy|phy.|rad.|ᆫ가요|ᆯ까요|다시|드리|무슨|문제|미안|습니다|어야|어요|오늘|오후|위원회|이거|이렇게|작업|정리|제출|죄송,brad|ms.|murphy|다시|습니다|에게|요청|작업|잘못|정리,ms.|murphy|다시|습니다|작업|정리,mur|phy.|rad.|ᆫ가요|ᆯ까요|드리|무슨|문제|미안|어야|어요|오늘|오후|위원회|이거|이렇게|제출|죄송,brad|에게|요청|잘못
20,dev_20,20,11,6,0.3,0.5455,...|ᆫ다고|ᆫ다던데|ᆯ지|그럼|그렇|노래|는데|대만|더라|마시|많이|맥주|보통|부르|사람|생각|어떻게|외국어|진짜,ᆫ다|ᆫ다고|노래|능력|다고|마시|맥주|부르|언급|외국어|향상,ᆫ다고|노래|마시|맥주|부르|외국어,...|ᆫ다던데|ᆯ지|그럼|그렇|는데|대만|더라|많이|보통|사람|생각|어떻게|진짜,ᆫ다|능력|다고|언급|향상
21,dev_21,50,11,3,0.06,0.2727,qi.|ᆯ게요|ᆸ니다|가져오|감사|검사|궤양|기분|께서|나아지|내시경|네요|는지|다시|다음|다행|당신|따뜻|마음|미스|바라|반갑|병원|복통|빨리|사라지|선생|세요|슬슬|심심하|안녕|안녕하세요|안녕히|어떻|어서|어요|에서|예쁘|예요|오늘|위하|으면|으세요|의사|이거|이제|잡지|정말|회복|훨씬,qi|가지|그녀|도록|미스|방문|병원|습니다|어다|잡지|지루,미스|병원|잡지,qi.|ᆯ게요|ᆸ니다|가져오|감사|검사|궤양|기분|께서|나아지|내시경|네요|는지|다시|다음|다행|당신|따뜻|마음|바라|반갑|복통|빨리|사라지|선생|세요|슬슬|심심하|안녕|안녕하세요|안녕히|어떻|어서|어요|에서|예쁘|예요|오늘|위하|으면|으세요|의사|이거|이제|정말|회복|훨씬,qi|가지|그녀|도록|방문|습니다|어다|지루
22,dev_22,29,16,4,0.1379,0.25,ᆫ지|ᆯ게|가지|걱정|고맙|괜찮|그냥|기침|기후|나오|내내|느낌|다른|모르|무슨|문제|보이|아니|아침|어떻|얼굴|에이미|오늘|이곳|이렇|정말|찌뿌둥|첫날|해외,ᆫ다|가지|그녀|그런|기침|기후|느끼|다고|생각|어다|어서|에이미|적응|추위|현지|호소,가지|기침|기후|에이미,ᆫ지|ᆯ게|걱정|고맙|괜찮|그냥|나오|내내|느낌|다른|모르|무슨|문제|보이|아니|아침|어떻|얼굴|오늘|이곳|이렇|정말|찌뿌둥|첫날|해외,ᆫ다|그녀|그런|느끼|다고|생각|어다|어서|적응|추위|현지|호소
23,dev_23,40,9,5,0.125,0.5556,ᆯ게요|ᆯ까요|ᆯ로|ᆸ니다|감자|고맙|그럼|그리고|기다리|드리|디저트|레몬|레어|먼저|미디엄|버섯|부탁|샐러드|생략|세요|스테이크|스프|습니까|습니다|시작|아니|아이스|양파|어떤|어떻|어요|에서|웰던으|으깨|이거|이제|잠시|주문|크림|함께,감자|도록|버섯|수프|스테이크|습니다|아이스티|웰던|주문,감자|버섯|스테이크|습니다|주문,ᆯ게요|ᆯ까요|ᆯ로|ᆸ니다|고맙|그럼|그리고|기다리|드리|디저트|레몬|레어|먼저|미디엄|부탁|샐러드|생략|세요|스프|습니까|시작|아니|아이스|양파|어떤|어떻|어요|에서|웰던으|으깨|이거|이제|잠시|크림|함께,도록|수프|아이스티|웰던
24,dev_24,16,7,5,0.3125,0.7143,1|12|기다리|기대|내내|부럽|어야|언제|연차|열심히|이번|정말|진짜|필요|휴가|휴식,12|습니다|어야|연차|예정|이번|휴가,12|어야|연차|이번|휴가,1|기다리|기대|내내|부럽|언제|열심히|정말|진짜|필요|휴식,습니다|예정
25,dev_25,18,7,5,0.2778,0.7143,ᆯ게요|ᆸ니다|감사|걸레|나요|냅킨|다음|드리|부탁|습니다|어야|어요|여기|와인|저기|조심|종이|직원,ᆸ니다|걸레|냅킨|에게|와인|요청|종이,ᆸ니다|걸레|냅킨|와인|종이,ᆯ게요|감사|나요|다음|드리|부탁|습니다|어야|어요|여기|저기|조심|직원,에게|요청
26,dev_26,53,9,3,0.0566,0.3333,2003|4|mb|word|ᆫ가|ᆫ다는|가능|경고|그냥|나누|너무|느리|는데|다른|다시|다운로드|당연히|려고|모르|무슨|문서|문제|밖에|보내|보통|붙이|사진|설명서|소프트웨어|시도|실패|어떻|어서|어야|언급|에서|여러|용량|으로|을까|이메일|익숙|인터넷|저장|제한|지금|처럼|첨부|초과|파일|편지|편집|평소,ᆸ니다|도와주|방법|보내|설명서|알리|어려움|으며|이메일,보내|설명서|이메일,2003|4|mb|word|ᆫ가|ᆫ다는|가능|경고|그냥|나누|너무|느리|는데|다른|다시|다운로드|당연히|려고|모르|무슨|문서|문제|밖에|보통|붙이|사진|소프트웨어|시도|실패|어떻|어서|어야|언급|에서|여러|용량|으로|을까|익숙|인터넷|저장|제한|지금|처럼|첨부|초과|파일|편지|편집|평소,ᆸ니다|도와주|방법|알리|어려움|으며
27,dev_27,31,10,3,0.0968,0.3,bill|susan|ᆯ로|ᆯ지|같이|그거|그래|그리고|기억|도와주|메모지|목록|문구|사무실|새롭|생각|서류|시간|시내|어떤|어서|어야|우리|이미|점심|종류|지금|지우개|캐비닛|클립|필요,bill|susan|ᆸ니다|목록|사무|에게|용품|으로|자고|제안,bill|susan|목록,ᆯ로|ᆯ지|같이|그거|그래|그리고|기억|도와주|메모지|문구|사무실|새롭|생각|서류|시간|시내|어떤|어서|어야|우리|이미|점심|종류|지금|지우개|캐비닛|클립|필요,ᆸ니다|사무|에게|용품|으로|자고|제안
28,dev_28,33,12,6,0.1818,0.5,ᆫ대|건강|건강식|건강식품|관하|깨끗|단백질|대하|들어주|따뜻|라서|려는|마시|매일|비타민|빈속|사람|산도|소화기|신선|아침|어서|어야|예시|요거트|요즘|유지|으면|일어나|잖아|적당|진짜|편하,ᆸ니다|건강식품|구체|대하|따뜻|설명|신선|에게|예시|요거트|이유|제시,건강식품|대하|따뜻|신선|예시|요거트,ᆫ대|건강|건강식|관하|깨끗|단백질|들어주|라서|려는|마시|매일|비타민|빈속|사람|산도|소화기|아침|어서|어야|요즘|유지|으면|일어나|잖아|적당|진짜|편하,ᆸ니다|구체|설명|에게|이유|제시
29,dev_29,31,8,4,0.129,0.5,anne|harris|tom|ᆫ다|결혼|결혼식|경우|그럼|그렇|기쁘|긴장|나오|눈물|마다|부분|부케|사실|시작|신랑|신부|아니|아름답|약혼|어울리|우리|이런|저기|정말|준비|커플|행진곡,tom|ᆸ니다|감동|결혼식|다고|약혼|자신|준비,tom|결혼식|약혼|준비,anne|harris|ᆫ다|결혼|경우|그럼|그렇|기쁘|긴장|나오|눈물|마다|부분|부케|사실|시작|신랑|신부|아니|아름답|어울리|우리|이런|저기|정말|커플|행진곡,ᆸ니다|감동|다고|자신
30,dev_30,53,16,6,0.1132,0.375,1960|ᆯ게|가지|고르|공부|괜찮|그냥|그러게|그럼|까지|나오|내일|냉장고|년대|뉴웨이브 음악|는데|다시|돌아가|동안|때문|레코드|록앤롤|맥주|면서|모차르트|미안|바흐|부터|솔직히|시험|아침|얘기|어서|에서|여기|역사|오늘|우리|으로|을까|음악|이전|이후|잖아|잠깐|좋아하|지치|진짜|최신|취향|클래식|한테|혹시,ᆫ다|결국|공부|다르|다시|사람|시험|역사|위하|음악|자고|잠시|제안|준비|지만|취향,공부|다시|시험|역사|음악|취향,1960|ᆯ게|가지|고르|괜찮|그냥|그러게|그럼|까지|나오|내일|냉장고|년대|뉴웨이브 음악|는데|돌아가|동안|때문|레코드|록앤롤|맥주|면서|모차르트|미안|바흐|부터|솔직히|아침|얘기|어서|에서|여기|오늘|우리|으로|을까|이전|이후|잖아|잠깐|좋아하|지치|진짜|최신|클래식|한테|혹시,ᆫ다|결국|다르|사람|위하|자고|잠시|제안|준비|지만
31,dev_31,26,8,3,0.1154,0.375,ᆯ게|관하|그때|그러|그런|나요|네요|는데|는지|다음|들어오|모르|선반|아무리|아쉽|안타깝|어도|어야|어요|여기저기|유전공학|일찍|저기|정말|지금|팔리,관련|다시|다음|라고|습니다|유전공학|으며|팔리,다음|유전공학|팔리,ᆯ게|관하|그때|그러|그런|나요|네요|는데|는지|들어오|모르|선반|아무리|아쉽|안타깝|어도|어야|어요|여기저기|일찍|저기|정말|지금,관련|다시|라고|습니다|으며
32,dev_32,31,7,3,0.0968,0.4286,15|ᆫ데|ᆯ게요|ᆯ까요|걸리|고맙|교통|국가|그렇|나요|도서관|도착|드리|막히|물론|버스|별로|알리|어서|어요|얼마나|여기|예요|으로|으면|을까요|저기|정거장|정도|중국|처음,ᆸ니다|도착|라고|부탁|알리|에게|정거장,도착|알리|정거장,15|ᆫ데|ᆯ게요|ᆯ까요|걸리|고맙|교통|국가|그렇|나요|도서관|드리|막히|물론|버스|별로|어서|어요|얼마나|여기|예요|으로|으면|을까요|저기|정도|중국|처음,ᆸ니다|라고|부탁|에게
33,dev_33,40,9,4,0.1,0.4444,1|andon.|br|brandon|mrs.|고맙|그렇|기말고사|기억나|긴장|나요|네요|대학|덕분|때문|떨어지|많이|배우|별로|보세|선생|세요|안녕|안녕하세요|안타깝|어떻|어렵|어서|어요|에서|영어|오늘|우리|정말|지내|지만|학년|학생|해고|회사,brandon|mrs.|감사|대하|배우|습니다|에게서|지만|직장,brandon|mrs.|배우|지만,1|andon.|br|고맙|그렇|기말고사|기억나|긴장|나요|네요|대학|덕분|때문|떨어지|많이|별로|보세|선생|세요|안녕|안녕하세요|안타깝|어떻|어렵|어서|어요|에서|영어|오늘|우리|정말|지내|학년|학생|해고|회사,감사|대하|습니다|에게서|직장
34,dev_34,91,17,11,0.1209,0.6471,10|anderson|dr.|john|keat|ᆫ가|ᆫ가요|ᆫ데|ᆯ게요|ᆸ니다|가끔|가장|가져가|가져오|감사|거나|경우|계속|계시|괜찮|군요|그때|그러면|그럼|그렇|까지|께서|나요|내일|너무|노력|누르|는데|도록|동안|들리|들어가|등록|라고|매니저|머물|멕시코|문제|발생|방문자|병원|분비물|비행기|빠르|사람|사무실|샤워|선생|세요|소리|습니다|시간|심하|아니|아니요|아침|아프|안녕하세요|약간|어떤|어서|어야|어요|에서|여권|여기|예약|예정|오늘|외국인|울림|위하|으시|을까요|의사|이나|이틀|저녁|전화|참석|캐나다|컨벤션|통증|항상|호텔|환자,10|anderson|dr.|john|keat|내일|라는|사무실|습니다|안내|여권|연락|예약|오전|지참|통증|호소,10|anderson|dr.|john|keat|내일|사무실|습니다|여권|예약|통증,ᆫ가|ᆫ가요|ᆫ데|ᆯ게요|ᆸ니다|가끔|가장|가져가|가져오|감사|거나|경우|계속|계시|괜찮|군요|그때|그러면|그럼|그렇|까지|께서|나요|너무|노력|누르|는데|도록|동안|들리|들어가|등록|라고|매니저|머물|멕시코|문제|발생|방문자|병원|분비물|비행기|빠르|사람|샤워|선생|세요|소리|시간|심하|아니|아니요|아침|아프|안녕하세요|약간|어떤|어서|어야|어요|에서|여기|예정|오늘|외국인|울림|위하|으시|을까요|의사|이나|이틀|저녁|전화|참석|캐나다|컨벤션|항상|호텔|환자,라는|안내|연락|오전|지참|호소
35,dev_35,60,9,4,0.0667,0.4444,2|ᆯ래요|가끔|같이|거미|걱정|걸리|경치|곤충|그럼|그렇|그리고|기분|나무|내기|넘치|네요|려고|멋지|면서|모두|물론|빠르|세요|시간|시작|식물|아침|어서|어야|어요|어우러지|언덕|에너지|에서|예요|오늘|오르|올라가|요가|우리|이나|이요|인간|자연|정도|정말|조심|준비|중간중간|즐기|짜리|천천히|클래스|특정|피하|필요|하이킹|함께|해수면,ᆸ니다|경주|경치|계획|습니다|즐기|지만|천천히|하이킹,경치|즐기|천천히|하이킹,2|ᆯ래요|가끔|같이|거미|걱정|걸리|곤충|그럼|그렇|그리고|기분|나무|내기|넘치|네요|려고|멋지|면서|모두|물론|빠르|세요|시간|시작|식물|아침|어서|어야|어요|어우러지|언덕|에너지|에서|예요|오늘|오르|올라가|요가|우리|이나|이요|인간|자연|정도|정말|조심|준비|중간중간|짜리|클래스|특정|피하|필요|함께|해수면,ᆸ니다|경주|계획|습니다|지만
36,dev_36,29,11,5,0.1724,0.4545,?!|anne|caroline|gary|ᆯ걸|ᆯ래|가장|결혼|고맙|그러|기쁘|너무|데이트|먼저|빠지|사랑|서로|소개|아니|어떻|어서|올라가|외치|이렇|정말|지금|충분|프로포즈|행복,anne|caroline|gary|ᆫ다|고마움|권장|대하|데이트|소개|에게|표현,anne|caroline|gary|데이트|소개,?!|ᆯ걸|ᆯ래|가장|결혼|고맙|그러|기쁘|너무|먼저|빠지|사랑|서로|아니|어떻|어서|올라가|외치|이렇|정말|지금|충분|프로포즈|행복,ᆫ다|고마움|권장|대하|에게|표현
37,dev_37,16,6,2,0.125,0.3333,ᆯ까요|가구|거든요|그거|나요|드리|별로|보다|습니다|아파트|어떻|어요|여기|으세요|지금|필요,ᆸ니다|다고|아파트|지만|추천|필요,아파트|필요,ᆯ까요|가구|거든요|그거|나요|드리|별로|보다|습니다|어떻|어요|여기|으세요|지금,ᆸ니다|다고|지만|추천
38,dev_38,82,23,14,0.1707,0.6087,#phonenumber|#입니다|...|and|cruise|eve|john|mr.|mrs.|schroder|sound|vision|wheeler|ᆫ가|ᆯ까요|ᆸ니다|가능|간단|감사|고객|귀사|그리고|기계|기다리|기록|네요|녹화기|다시|대하|도록|드리|라고|려는|말씀|망가뜨리|망가지|무엇|문제|방안|번호|법무|보상|보장|불만|비디오|비싸|빨리|사항|상담사|세요|수리|습니다|아니|안녕|안녕하세요|안타깝|알리|어도|어서|어요|었었|에게|연결|연락|오늘|오후|요구|으며|잠시|전혀|전화|죄송|지금|지만|최고|테이프|피하|하루|해결|행정부|혹시|회의,cruise|eve|john|기기|녹화기|다고|망가뜨리|문제|법무|불만|비디오|빠르|상담사|상황|설명|습니다|시일|약속|에게|연락|전달|제기|테이프,cruise|eve|john|녹화기|망가뜨리|문제|법무|불만|비디오|상담사|습니다|에게|연락|테이프,#phonenumber|#입니다|...|and|mr.|mrs.|schroder|sound|vision|wheeler|ᆫ가|ᆯ까요|ᆸ니다|가능|간단|감사|고객|귀사|그리고|기계|기다리|기록|네요|다시|대하|도록|드리|라고|려는|말씀|망가지|무엇|방안|번호|보상|보장|비싸|빨리|사항|세요|수리|아니|안녕|안녕하세요|안타깝|알리|어도|어서|어요|었었|연결|오늘|오후|요구|으며|잠시|전혀|전화|죄송|지금|지만|최고|피하|하루|해결|행정부|혹시|회의,기기|다고|빠르|상황|설명|시일|약속|전달|제기
39,dev_39,23,6,2,0.087,0.3333,heath|rainbow|restaurant|street|ᆸ니다|계속|그리고|까지|나요|는지|번째|블록|세요|신호등|알리|어떻|에서|여기|예요|우회전|으시|저기|좌회전,rainbow|restaurant|방법|습니다|에게|으로,rainbow|restaurant,heath|street|ᆸ니다|계속|그리고|까지|나요|는지|번째|블록|세요|신호등|알리|어떻|에서|여기|예요|우회전|으시|저기|좌회전,방법|습니다|에게|으로
40,dev_40,33,11,6,0.1818,0.5455,거든|건물|고등학교|교실|구경|그거|근처|나누|남쪽|너희|는데|도서관|들어가|라고|물론|백만|부럽|부분|수영장|시키|아담|언젠가|여름|우리|운동장|으로|이뤄지|이상|이용|저거|중학교|하얗|학교,ᆫ다|구경|다고|들어가|라고|시키|아담|에게|요청|학교|희망,구경|들어가|라고|시키|아담|학교,거든|건물|고등학교|교실|그거|근처|나누|남쪽|너희|는데|도서관|물론|백만|부럽|부분|수영장|언젠가|여름|우리|운동장|으로|이뤄지|이상|이용|저거|중학교|하얗,ᆫ다|다고|에게|요청|희망
41,dev_41,36,6,5,0.1389,0.8333,15|ᆯ게요|ᆯ까요|ᆸ니다|감사|골목|국민은행|그럼|까지|는지|다음|드리|따르|많이|물론|백화점|블록|세요|어디|어서|어요|에서|여기|오른쪽|왼쪽|으로|을까요|저기|정도|조심|중앙|처음|천만에요|코너|행운|혹시,ᆸ니다|국민은행|백화점|에게|으로|중앙,ᆸ니다|국민은행|백화점|으로|중앙,15|ᆯ게요|ᆯ까요|감사|골목|그럼|까지|는지|다음|드리|따르|많이|물론|블록|세요|어디|어서|어요|에서|여기|오른쪽|왼쪽|을까요|저기|정도|조심|처음|천만에요|코너|행운|혹시,에게
42,dev_42,39,10,5,0.1282,0.5,ᆫ지|거든|거짓말|고통|관대|그런데|길래|꾸리|나가|나중|눈치채|는구나|니까|당하|더라|더라고|도와주|동정|려면|모르|물정|비참|사람|세상|아직|어떤|어서|어야지|얼마나|에게|여자|으려|이야기|이용|자기|전부|정말|필요|호의,ᆫ다|경험|공유|관대|대하|본인|사람|이야기|이용|호의,관대|사람|이야기|이용|호의,ᆫ지|거든|거짓말|고통|그런데|길래|꾸리|나가|나중|눈치채|는구나|니까|당하|더라|더라고|도와주|동정|려면|모르|물정|비참|세상|아직|어떤|어서|어야지|얼마나|에게|여자|으려|자기|전부|정말|필요,ᆫ다|경험|공유|대하|본인
43,dev_43,40,14,7,0.175,0.5,ᆫ가|ᆯ게요|가볍|강하|같이|결제|괜찮|근데|나오|너무|네요|뚜껑|먼저|무겁|문제|비슷|생각|세요|손잡이|아주|알루미늄|어떤|어떻|어서|어요|언젠가|에서|에요|여기|예요|완벽|은데|이거|이미|이요|주방|크기|필요|하지만|현금,ᆸ니다|강하|결정|구매|뚜껑|사용|손잡이|알루미늄|에서|으로|으며|주방|추천|현금,강하|뚜껑|손잡이|알루미늄|에서|주방|현금,ᆫ가|ᆯ게요|가볍|같이|결제|괜찮|근데|나오|너무|네요|먼저|무겁|문제|비슷|생각|세요|아주|어떤|어떻|어서|어요|언젠가|에요|여기|예요|완벽|은데|이거|이미|이요|크기|필요|하지만,ᆸ니다|결정|구매|사용|으로|으며|추천
44,dev_44,32,11,5,0.1562,0.4545,10|5|7|ary.|거기|괜찮|그러니까|극장|기다리|놓치|는데|들어오|만나|명확|모르|무슨|미안|부분|서로|시작|아파트|안녕|어떻|에서|여기|영화|오해|우리|의도|이미|이제|잖아,gary|놓치|부분|사과|습니다|시작|영화|오해|이상|인하|지만,놓치|부분|시작|영화|오해,10|5|7|ary.|거기|괜찮|그러니까|극장|기다리|는데|들어오|만나|명확|모르|무슨|미안|서로|아파트|안녕|어떻|에서|여기|우리|의도|이미|이제|잖아,gary|사과|습니다|이상|인하|지만
45,dev_45,71,12,9,0.1268,0.75,daniel|lipton|lux|walls|ᆫ가|ᆫ가요|ᆫ다는|ᆸ니다|감사|결과|경험|고객|관심|군요|귀사|그런|그렇|기대|기쁘|꿈꾸|나무|나요|다른|드리|라고|라서요|려고|로서|많이|매니저|못하|미치|분야|브랜드|뿌리|상당히|생각|설명|설문|속담|습니다|안녕하세요|알려지|알리|어떻|어서|어요|어울리|에서|옮기|우리|유명|으로|으세요|이번|이유|정말|제품|조사|좋아하|중국인|지만|지원|직무|직책|처럼|통하|필요|혹시|회사|흥미,daniel|ᆸ니다|경로|대하|매니저|설명|에서|이유|인터뷰|지원|직책|회사,daniel|ᆸ니다|매니저|설명|에서|이유|지원|직책|회사,lipton|lux|walls|ᆫ가|ᆫ가요|ᆫ다는|감사|결과|경험|고객|관심|군요|귀사|그런|그렇|기대|기쁘|꿈꾸|나무|나요|다른|드리|라고|라서요|려고|로서|많이|못하|미치|분야|브랜드|뿌리|상당히|생각|설문|속담|습니다|안녕하세요|알려지|알리|어떻|어서|어요|어울리|옮기|우리|유명|으로|으세요|이번|정말|제품|조사|좋아하|중국인|지만|직무|처럼|통하|필요|혹시|흥미,경로|대하|인터뷰
46,dev_46,60,8,4,0.0667,0.5,...|ᆫ가|ᆯ까|가족|갈색|강아지|거나|거든|걱정|고맙|그래도|근데|글렌|기대|기적|나가|너무|누구|는데|다고|다시피|다치|데려오|동네|뒤뜰|러스티|루시|무슨|미안|바라보|바퀴|벌써|보호소|부분|속상하|스웨터|신분증|아니|어디|어서|우리|으면|은혜|이나|이리|이틀|이해|잖아|저기|전화|정말|정신|지금|지나|지만|지역|키우|하얗|혹시|훔치,ᆫ다|강아지|글렌|도움|러스티|루시|실종|함께,강아지|글렌|러스티|루시,...|ᆫ가|ᆯ까|가족|갈색|거나|거든|걱정|고맙|그래도|근데|기대|기적|나가|너무|누구|는데|다고|다시피|다치|데려오|동네|뒤뜰|무슨|미안|바라보|바퀴|벌써|보호소|부분|속상하|스웨터|신분증|아니|어디|어서|우리|으면|은혜|이나|이리|이틀|이해|잖아|저기|전화|정말|정신|지금|지나|지만|지역|키우|하얗|혹시|훔치,ᆫ다|도움|실종|함께
47,dev_47,33,12,2,0.0606,0.1667,6|ick.|patr|ᆫ다|걸리|그런|기다리|까지|끝나|누르|는데|다음|돌아가|들어오|려고|방금|버튼|사무실|아니야|아직|안녕|에서|여기|이렇|이제|입력|자기|작동|저기|전화|전화기|전화번호|화면,patrick|는다|도록|방법|사용|설명|성공|에게|연결|으로|전화|전화기,전화|전화기,6|ick.|patr|ᆫ다|걸리|그런|기다리|까지|끝나|누르|는데|다음|돌아가|들어오|려고|방금|버튼|사무실|아니야|아직|안녕|에서|여기|이렇|이제|입력|자기|작동|저기|전화번호|화면,patrick|는다|도록|방법|사용|설명|성공|에게|연결|으로
48,dev_48,43,19,14,0.3256,0.7368,10|3|30|580|basil|ᆫ가|ᆫ가요|ᆯ까요|ᆸ니다|가격|괜찮|금요일|까지|다음|달러|드리|베이실|베이징|벤쿠버|부탁|비행기|성함|어야|어요|얼마|에서|에요|예약|오전|왕복|으시|이코노미|일요일|좌석|직항|출발|캐나다|캘거리|클래스|티켓|편도|항공|환승,3|고객|까지|다음|벤쿠버|비행기|선택|습니다|에서|예약|으며|이코노미|일요일|캐나다|캘거리|클래스|티켓|항공편|환승,3|까지|다음|벤쿠버|비행기|에서|예약|이코노미|일요일|캐나다|캘거리|클래스|티켓|환승,10|30|580|basil|ᆫ가|ᆫ가요|ᆯ까요|ᆸ니다|가격|괜찮|금요일|달러|드리|베이실|베이징|부탁|성함|어야|어요|얼마|에요|오전|왕복|으시|좌석|직항|출발|편도|항공,고객|선택|습니다|으며|항공편
49,dev_49,79,13,10,0.1266,0.7692,1|10|30|ᆯ게|ᆯ래|ᆸ니다|가지|감사|교실|교재|그것|그냥|그런데|그렇|금요일|내용|너무|느끼|다르|다른|다양|대하|더라|도움|동안|동영상|려는|링크|모르|미스|발표|배우|보내|보이|빨리|사람|생기|수업|수준|시작|아니|아이|아이디어|아주|얘기|어도|어떤|어려움|어렵|어리|어서|어야|억양|에게|에서|에세이|여러|영상|영어|윈터스|유튜브|으로|을까|이거|이번|잖아|재미|재미있|정도|좋아하|지루|진지|짜리|특별|프로젝트|하지만|학생|흥미|힘들,ᆸ니다|공부|느끼|도록|미스|에게|영어|윈터스|제안|지루|특별|프로젝트|흥미,ᆸ니다|느끼|미스|에게|영어|윈터스|지루|특별|프로젝트|흥미,1|10|30|ᆯ게|ᆯ래|가지|감사|교실|교재|그것|그냥|그런데|그렇|금요일|내용|너무|다르|다른|다양|대하|더라|도움|동안|동영상|려는|링크|모르|발표|배우|보내|보이|빨리|사람|생기|수업|수준|시작|아니|아이|아이디어|아주|얘기|어도|어떤|어려움|어렵|어리|어서|어야|억양|에서|에세이|여러|영상|유튜브|으로|을까|이거|이번|잖아|재미|재미있|정도|좋아하|진지|짜리|하지만|학생|힘들,공부|도록|제안
50,dev_50,43,12,5,0.1163,0.4167,3|30|tom|ᆯ게|ᆯ래|가깝|같이|계획|고맙|국립공원|그럼|근데|깊숙|남부|너무|데려오|도시|려고|로키|마일|멀리|물론|벗어나|사자|산맥|아주|어서|었었|에서|으로|이랑|이번|자연|자주|재밌|정말|주말|지난번|진짜|최대한|친구|하이킹|한테,tom|ᆫ다|계획|는지|사람|에게|으며|주말|초대|친구|하이킹|함께,tom|계획|주말|친구|하이킹,3|30|ᆯ게|ᆯ래|가깝|같이|고맙|국립공원|그럼|근데|깊숙|남부|너무|데려오|도시|려고|로키|마일|멀리|물론|벗어나|사자|산맥|아주|어서|었었|에서|으로|이랑|이번|자연|자주|재밌|정말|지난번|진짜|최대한|한테,ᆫ다|는지|사람|에게|으며|초대|함께
51,dev_51,23,8,2,0.087,0.25,ᆫ다면|ᆯ래|ᆯ로|겁쟁이|게임|그냥|그렇|내기|농담|만들|모두|사람|생각|스트립|어도|어떻|영화|원하|자는|재미있|친근|퀴즈|한테,ᆫ다|게임|내기|부담|없이|제안|즐기|지만,게임|내기,ᆫ다면|ᆯ래|ᆯ로|겁쟁이|그냥|그렇|농담|만들|모두|사람|생각|스트립|어도|어떻|영화|원하|자는|재미있|친근|퀴즈|한테,ᆫ다|부담|없이|제안|즐기|지만
52,dev_52,43,8,4,0.093,0.5,ᆸ니다|가슴살|갈색|감사|고추|군요|그래서|그렇|까다롭|까지|나오|네요|는데|다른|닭고기|드리|드세|드시|따뜻|땅콩|만들|맛있|먹음직스럽|먼저|부드럽|사천|셰프|습니다|아주|양념|어요|여기|요리|유명|음식|이거|전통|조리|지역|추천|칠리|하나|함께,ᆸ니다|닭고기|땅콩|매우|방법|설명|요리|좋아하,ᆸ니다|닭고기|땅콩|요리,가슴살|갈색|감사|고추|군요|그래서|그렇|까다롭|까지|나오|네요|는데|다른|드리|드세|드시|따뜻|만들|맛있|먹음직스럽|먼저|부드럽|사천|셰프|습니다|아주|양념|어요|여기|유명|음식|이거|전통|조리|지역|추천|칠리|하나|함께,매우|방법|설명|좋아하
53,dev_53,23,11,5,0.2174,0.4545,걱정|구나|그것|그래서|그러|내려가|냄새|녹이|당연|마다|막히|머리카락|문제|배수구|사람|어디|어떻|어서|어야|여기|욕조|이제|청소,ᆸ니다|도록|막히|면서|문제|배수구|에게|욕조|조언|청소|해결,막히|문제|배수구|욕조|청소,걱정|구나|그것|그래서|그러|내려가|냄새|녹이|당연|마다|머리카락|사람|어디|어떻|어서|어야|여기|이제,ᆸ니다|도록|면서|에게|조언|해결
54,dev_54,49,12,7,0.1429,0.5833,10|15|20|9|ᆯ까요|ᆸ니다|가능|가장|감사|계약서|고려|관계|교대|그거|그것|그럼|기다리|나요|너무|또는|라서|맞추|명시|배려|비즈니스|빠르|빨리|상품|선적|성수기|습니다|시장|시즌|어서|어야|어요|언제|에서|오랜|우리|위하|이라고|이전|작업자|정말|제조사|중순|최선|협상,20|9|ᆸ니다|맞추|선적|시즌|앞당기|요청|위하|통하|합의|협의,20|9|ᆸ니다|맞추|선적|시즌|위하,10|15|ᆯ까요|가능|가장|감사|계약서|고려|관계|교대|그거|그것|그럼|기다리|나요|너무|또는|라서|명시|배려|비즈니스|빠르|빨리|상품|성수기|습니다|시장|어서|어야|어요|언제|에서|오랜|우리|이라고|이전|작업자|정말|제조사|중순|최선|협상,앞당기|요청|통하|합의|협의
55,dev_55,30,9,4,0.1333,0.4444,ack.|bl|brown|mr.|ᆯ게요|ᆸ니다|계속|나가|너무|다면|도록|때문|시끄럽|시키|신문|아이|어서|어야|어요|어쩌|없이|예요|원래|은가|이렇|이렇게|정말|조용|조용히|죄송,black|brown|mr.|ᆸ니다|대하|불평|소음|아이|에게,brown|mr.|ᆸ니다|아이,ack.|bl|ᆯ게요|계속|나가|너무|다면|도록|때문|시끄럽|시키|신문|어서|어야|어요|어쩌|없이|예요|원래|은가|이렇|이렇게|정말|조용|조용히|죄송,black|대하|불평|소음|에게
56,dev_56,36,12,5,0.1389,0.4167,li|na|결혼|계속|그거|그래서|기대|기존|누구|는다고|는지|따르|따지|라고|라면|많이|물어보|부모|불평|사람|스트레스|압박|어떤|어서|어요|엄마|에게|온순|워낙|이웃|이해|이후|정말|직접|착하|캐나다인,li|na|ᆸ니다|강요받|결혼|그녀|나누|다는|스트레스|어머니|에게|이야기,li|na|결혼|스트레스|에게,계속|그거|그래서|기대|기존|누구|는다고|는지|따르|따지|라고|라면|많이|물어보|부모|불평|사람|압박|어떤|어서|어요|엄마|온순|워낙|이웃|이해|이후|정말|직접|착하|캐나다인,ᆸ니다|강요받|그녀|나누|다는|어머니|이야기
57,dev_57,28,8,4,0.1429,0.5,ᆯ까요|ᆯ래요|ᆸ니다|감사|고기|고맙|괜찮아|다이어트|드리|드시|디저트|맛있|배부르|세요|습니다|아니요|아이스크림|어떻|어요|에요|예쁘|요리|이런|저녁|정말|처음|파이|하나,디저트|습니다|식사|아이스크림|요청|으며|저녁|즐기,디저트|습니다|아이스크림|저녁,ᆯ까요|ᆯ래요|ᆸ니다|감사|고기|고맙|괜찮아|다이어트|드리|드시|맛있|배부르|세요|아니요|어떻|어요|에요|예쁘|요리|이런|정말|처음|파이|하나,식사|요청|으며|즐기
58,dev_58,57,9,6,0.1053,0.6667,50|ᆫ다고|ᆫ데|ᆯ걸|ᆯ게|ᆯ까|걸리|계속|계획|그래도|그렇|그리고|근데|낭비|넘어지|는데|다가|달러|렌탈|로서|많이|맛있|못하|물론|미국식|바람|배우|보이|빌리|사무실|생각|시간|식사|아니|아직|아침|어떻|어렵|어서|어제|엄청|에서|여기|오늘|윈드서핑|익숙|장비|재미있|제대로|조언|지만|진짜|친구|하나|하루|항상|해변,ᆫ다고|그것|만류|많이|비용|생각|어렵|윈드서핑|지만,ᆫ다고|많이|생각|어렵|윈드서핑|지만,50|ᆫ데|ᆯ걸|ᆯ게|ᆯ까|걸리|계속|계획|그래도|그렇|그리고|근데|낭비|넘어지|는데|다가|달러|렌탈|로서|맛있|못하|물론|미국식|바람|배우|보이|빌리|사무실|시간|식사|아니|아직|아침|어떻|어서|어제|엄청|에서|여기|오늘|익숙|장비|재미있|제대로|조언|진짜|친구|하나|하루|항상|해변,그것|만류|비용
59,dev_59,33,15,6,0.1818,0.4,4|ben|ben.|ᆫ다고|거든|공부|그냥|그럼|그렇|다고|다시|대학|대학원|돌아보|동안|모르|상황|생각|수영장|아니|어야|에서|여기|열심히|위하|일어나|자신|젊은이|좋아하|즐기|지나|편하|하지만,ben|ᆫ다고|ᆸ니다|남자|다시|대하|상황|어야|에게|자기|자신|조언|준비|취하|휴식,ben|ᆫ다고|다시|상황|어야|자신,4|ben.|거든|공부|그냥|그럼|그렇|다고|대학|대학원|돌아보|동안|모르|생각|수영장|아니|에서|여기|열심히|위하|일어나|젊은이|좋아하|즐기|지나|편하|하지만,ᆸ니다|남자|대하|에게|자기|조언|준비|취하|휴식
60,dev_60,14,6,3,0.2143,0.5,거든|결국|계모|괴롭히|그래서|는데|모든|모습|빼앗|시작|아이|어떻|정말|행복,ᆸ니다|계모|괴롭히|대하|아이|이야기,계모|괴롭히|아이,거든|결국|그래서|는데|모든|모습|빼앗|시작|어떻|정말|행복,ᆸ니다|대하|이야기
61,dev_61,53,15,10,0.1887,0.6667,가지|간접|걱정거리|공장|구나|그런데|그럼|그렇|글쎄|나누|대기|대체로|도시|들어가|들어오|때문|로부터|마시|모두|문제|물론|물질|배출|빗물|수자원|시스템|아무|어야|없이|에서|예방|오랫동안|오염|우리|원천|위하|으로|이나|적극|점점|정제|지만|지하수|직접|참여|처리장|카테고리|토양|통하|폐기물|포함|필요|환경,ᆫ다|ᆫ다고|간접|대하|동의|모두|어야|예방|오염|원천|으로|이야기|적극|직접|참여,간접|모두|어야|예방|오염|원천|으로|적극|직접|참여,가지|걱정거리|공장|구나|그런데|그럼|그렇|글쎄|나누|대기|대체로|도시|들어가|들어오|때문|로부터|마시|문제|물론|물질|배출|빗물|수자원|시스템|아무|없이|에서|오랫동안|우리|위하|이나|점점|정제|지만|지하수|처리장|카테고리|토양|통하|폐기물|포함|필요|환경,ᆫ다|ᆫ다고|대하|동의|이야기
62,dev_62,26,9,5,0.1923,0.5556,ᆫ지|ᆯ래|걸어가|계속|그냥|그런|근데|기다리|내리|너무|다음|모르|버스|사실|실수|아니|어디|어야|여기|우리|이것|이곳|이제|일찍|정류장|정확히,내리|너무|버스|습니다|실수|에서|인하|일찍|판단,내리|너무|버스|실수|일찍,ᆫ지|ᆯ래|걸어가|계속|그냥|그런|근데|기다리|다음|모르|사실|아니|어디|어야|여기|우리|이것|이곳|이제|정류장|정확히,습니다|에서|인하|판단
63,dev_63,34,11,7,0.2059,0.6364,10|ᆫ가|ᆸ니다|ᆸ시다|거래|경우|계좌|기억|나요|네요|다르|대하|사용|서비스|습니다|약정|어떻|어야|어요|얼마나|예치|예치금|외부|위안|이야기|저축|적용|정산|죄송|직접|처럼|초기|출금|필요,ᆸ니다|계좌|대하|방법|설명|약정|에게|예치금|저축|차이점|출금,ᆸ니다|계좌|대하|약정|예치금|저축|출금,10|ᆫ가|ᆸ시다|거래|경우|기억|나요|네요|다르|사용|서비스|습니다|어떻|어야|어요|얼마나|예치|외부|위안|이야기|적용|정산|죄송|직접|처럼|초기|필요,방법|설명|에게|차이점
64,dev_64,46,11,8,0.1739,0.7273,101|18|ᆯ게요|ᆸ니다|가장|감사|걸어가|게이트|계시|나요|네요|뉴욕|다고|도움|도착|드리|떠나|려면|말씀|보다|비행기|빠르|빨리|서두르|세요|셔틀|아니|안전|알리|어서|어야|어요|어쩌|없이|에게|에요|여행|연결|연락|으로|정말|지금|직원|천만에요|탑승|항공기,ᆸ니다|게이트|도록|비행기|셔틀|에게|연락|이용|직원|취하|탑승,ᆸ니다|게이트|비행기|셔틀|에게|연락|직원|탑승,101|18|ᆯ게요|가장|감사|걸어가|계시|나요|네요|뉴욕|다고|도움|도착|드리|떠나|려면|말씀|보다|빠르|빨리|서두르|세요|아니|안전|알리|어서|어야|어요|어쩌|없이|에요|여행|연결|으로|정말|지금|천만에요|항공기,도록|이용|취하
65,dev_65,19,8,4,0.2105,0.5,...|ᆫ지|가늘|그거|그것|그냥|그럼|그렇|나가|다는|다리|모르|무슨|바지|어서|에서|우리|편하|헐렁하,ᆸ니다|나누|다는|바지|서로|에서|이야기|헐렁하,다는|바지|에서|헐렁하,...|ᆫ지|가늘|그거|그것|그냥|그럼|그렇|나가|다리|모르|무슨|어서|우리|편하,ᆸ니다|나누|서로|이야기
66,dev_66,14,5,1,0.0714,0.2,ᆯ까요|그러게|나요|네요|물론|사람|어도|어렵|어요|여기|오늘|자리|저기|진짜,ᆸ니다|공유|동의|요청|자리,자리,ᆯ까요|그러게|나요|네요|물론|사람|어도|어렵|어요|여기|오늘|저기|진짜,ᆸ니다|공유|동의|요청
67,dev_67,47,12,6,0.1277,0.5,...|cellar|grand|hotels|ica.|mon|monica|ms.|wangfujing|ᆯ까요|ᆸ니다|가능|감사|그날|그때|그럼|그리고|기다리|나요|다음|대통령|더블|드리|디럭스|로마식|무엇|선호|성함|세요|스위트룸|스타일|습니다|알리|어떤|어요|여부|예약|예요|으로|이름|일본식|일요일|잠시|주말|토요일|프렌치|확인,monica|다음|도움|리셉션|습니다|에서|예약|위하|일요일|전화|토요일|호텔,monica|다음|습니다|예약|일요일|토요일,...|cellar|grand|hotels|ica.|mon|ms.|wangfujing|ᆯ까요|ᆸ니다|가능|감사|그날|그때|그럼|그리고|기다리|나요|대통령|더블|드리|디럭스|로마식|무엇|선호|성함|세요|스위트룸|스타일|알리|어떤|어요|여부|예요|으로|이름|일본식|잠시|주말|프렌치|확인,도움|리셉션|에서|위하|전화|호텔
68,dev_68,49,9,5,0.102,0.5556,10|10%|15|15%|2|3%|5%|8%|ᆯ게요|가격|가치|구매|그러면|그럼|그렇|기대|너무|네요|다고|다는|당신|드리|라고|라는|려면|마진|망하|보다|생각|아니|어떻|어떻게|어서|어요|에서|예상|의미|이런|잖아요|저희|정도|제안|조건|주문|차이|타이트|필요|할인|합의,10|10%|만족|습니다|제안|지만|할인|합의|협상,10|10%|제안|할인|합의,15|15%|2|3%|5%|8%|ᆯ게요|가격|가치|구매|그러면|그럼|그렇|기대|너무|네요|다고|다는|당신|드리|라고|라는|려면|마진|망하|보다|생각|아니|어떻|어떻게|어서|어요|에서|예상|의미|이런|잖아요|저희|정도|조건|주문|차이|타이트|필요,만족|습니다|지만|협상
69,dev_69,50,17,9,0.18,0.5294,arden|genova|ᆫ가|ᆯ래|거든|과정|관련|규정|그래서|그러면|그런데|그렇|그리고|기간|기분|는데|대하|등록|따르|모르|무슨|문서|보다|보이|복잡|분야|비슷|비싸|사용|상표|생각|설명|수수료|시리즈|아무것|알리|알아보|어서|어야|우리|우리나라|우선주의|원하|유효|으면|절차|정말|제품|준비|필요,ᆫ다|걱정|과정|등록|라고|모르|사항|상표|설명|알아보|어서|에게|절차|정보|조언|주의|필요,과정|등록|모르|상표|설명|알아보|어서|절차|필요,arden|genova|ᆫ가|ᆯ래|거든|관련|규정|그래서|그러면|그런데|그렇|그리고|기간|기분|는데|대하|따르|무슨|문서|보다|보이|복잡|분야|비슷|비싸|사용|생각|수수료|시리즈|아무것|알리|어야|우리|우리나라|우선주의|원하|유효|으면|정말|제품|준비,ᆫ다|걱정|라고|사항|에게|정보|조언|주의
70,dev_70,60,13,6,0.1,0.4615,22|24|3|7|mp|가게|거의|게다가|결제|계산대|괜찮|그리고|까지|는데|다르|대부분|둘러보|로그인|멋지|모든|물건|물론|배송|보다|사.|사이트|생각|생활|선택지|쇼핑|쇼핑몰|시간|시도|신용|실제|어디|어서|어야|에서|여러|온라인|윈도우|인터넷|일상|일찍|자주|작동|잖아|장점|접근|정말|주문|처럼|체크|카드|카테고리|편하|필요|하루|훨씬,3|mp|ᆫ다|결심|구입|설명|쇼핑|시도|에게|에서|온라인|으며|이점,3|mp|쇼핑|시도|에서|온라인,22|24|7|가게|거의|게다가|결제|계산대|괜찮|그리고|까지|는데|다르|대부분|둘러보|로그인|멋지|모든|물건|물론|배송|보다|사.|사이트|생각|생활|선택지|쇼핑몰|시간|신용|실제|어디|어서|어야|여러|윈도우|인터넷|일상|일찍|자주|작동|잖아|장점|접근|정말|주문|처럼|체크|카드|카테고리|편하|필요|하루|훨씬,ᆫ다|결심|구입|설명|에게|으며|이점
71,dev_71,72,11,6,0.0833,0.5455,ang.|mr.|ᆯ게요|ᆸ니다|감사|거래|공항|관계|그렇|기다리|기쁘|기회|까지|나라|네요|다시|답변|당신|대하|덕분|도움|드리|라고|라도|만나|만남|많이|말씀|매우|모두|바뀌|바라|방문|방식|배웅|비즈니스|사업|생각|생기|생산|세요|습니다|시간|안녕히|안녕히 계세요|어려움|어서|어요|업무|에게|여행|우리|위하|으로|의견|이번|이제|인상|저희|정말|중국인|즉시|진심|체크인|촉진|최선|친절|태도|한번|혹시|환대|훌륭,mr.|wang|공항|관계|기대감|나누|대하|배웅|사업|서로|에서,mr.|공항|관계|대하|배웅|사업,ang.|ᆯ게요|ᆸ니다|감사|거래|그렇|기다리|기쁘|기회|까지|나라|네요|다시|답변|당신|덕분|도움|드리|라고|라도|만나|만남|많이|말씀|매우|모두|바뀌|바라|방문|방식|비즈니스|생각|생기|생산|세요|습니다|시간|안녕히|안녕히 계세요|어려움|어서|어요|업무|에게|여행|우리|위하|으로|의견|이번|이제|인상|저희|정말|중국인|즉시|진심|체크인|촉진|최선|친절|태도|한번|혹시|환대|훌륭,wang|기대감|나누|서로|에서
72,dev_72,47,9,6,0.1277,0.6667,ᆫ가|ᆫ가요|ᆯ게요|ᆸ니다|가지|감사|계시|계좌|그럼|기쁘|다르|도와드리|도와주|드리|든지|많이|물론|보통|부탁|세요|습니다|신분증|안녕|어떤|어떻|어서|어서요|어야|어요|언제|여기|예금|완료|으세요|을까요|이나|이자율|이제|인출|적금|정기|정말|제시|조언|천만에요|추천|통장,ᆸ니다|개설|계좌|도와주|보통|설명|예금|정기|차이점,ᆸ니다|계좌|도와주|보통|예금|정기,ᆫ가|ᆫ가요|ᆯ게요|가지|감사|계시|그럼|기쁘|다르|도와드리|드리|든지|많이|물론|부탁|세요|습니다|신분증|안녕|어떤|어떻|어서|어서요|어야|어요|언제|여기|완료|으세요|을까요|이나|이자율|이제|인출|적금|정말|제시|조언|천만에요|추천|통장,개설|설명|차이점
73,dev_73,35,14,9,0.2571,0.6429,ᆫ다면|ᆸ니다|가지|계획|고장|너무|느라|다운타임|다음|동안|문제|바쁘|방식|변경|보수|생산|셧다운|손실|수리|시간|어서|어야|어요|예방|운영|유지|절차|정기|정비|줄이|지나|하지만|해결|현재|확립,ᆸ니다|다운타임|보수|생산|손실|위하|유지|으로|인하|자고|절차|제안|줄이|확립,ᆸ니다|다운타임|보수|생산|손실|유지|절차|줄이|확립,ᆫ다면|가지|계획|고장|너무|느라|다음|동안|문제|바쁘|방식|변경|셧다운|수리|시간|어서|어야|어요|예방|운영|정기|정비|지나|하지만|해결|현재,위하|으로|인하|자고|제안
74,dev_74,27,8,3,0.1111,0.375,408|ᆫ가요|ᆯ게요|ᆸ니다|감사|공간|구역|그렇|네요|는데|바로|비용|사실|실례|아니|아니요|어요|에요|여기|이미|자리|잘못|저기요|죄송|주차|지만|착각,ᆸ니다|공간|라고|에게|요청|이동|자신|주차,ᆸ니다|공간|주차,408|ᆫ가요|ᆯ게요|감사|구역|그렇|네요|는데|바로|비용|사실|실례|아니|아니요|어요|에요|여기|이미|자리|잘못|저기요|죄송|지만|착각,라고|에게|요청|이동|자신
75,dev_75,87,17,6,0.069,0.3529,ᆫ지|ᆯ걸요|ᆯ게요|ᆸ니까|ᆸ니다|각오|감사|갑자기|걱정|건물|게다가|경찰|계속|고장|공간|굳이|권리|그냥|그러면|그런|그렇|그만|근데|기다리|까지|끼어들|나타나|네요|누구|다니|다음|다행|당신|당하|데리|도로|떨어지|말싸움|맞추|먼저|무슨|바닥|배우|법규|병원|부러지|부상|사고|살아나|상하|세요|수석|시간|신고|쓸데없|아니|아마|아프|안타깝|어다|어서|어야|어야죠|어요|에요|예요|운전|움직이|으러|이봐요|작동|잖아요|잘못|전화|정말|제기랄|제대로|지금|지만|진짜|짜증|차선|충분하|필요|하나|하지만|휴대폰,ᆸ니다|경찰|고장|교통|끼어들|다치|려고|발생|사고|습니다|여부|연락|으며|전화|책임|판단|휴대,ᆸ니다|경찰|고장|끼어들|사고|전화,ᆫ지|ᆯ걸요|ᆯ게요|ᆸ니까|각오|감사|갑자기|걱정|건물|게다가|계속|공간|굳이|권리|그냥|그러면|그런|그렇|그만|근데|기다리|까지|나타나|네요|누구|다니|다음|다행|당신|당하|데리|도로|떨어지|말싸움|맞추|먼저|무슨|바닥|배우|법규|병원|부러지|부상|살아나|상하|세요|수석|시간|신고|쓸데없|아니|아마|아프|안타깝|어다|어서|어야|어야죠|어요|에요|예요|운전|움직이|으러|이봐요|작동|잖아요|잘못|정말|제기랄|제대로|지금|지만|진짜|짜증|차선|충분하|필요|하나|하지만|휴대폰,교통|다치|려고|발생|습니다|여부|연락|으며|책임|판단|휴대
76,dev_76,32,6,1,0.0312,0.1667,ᆫ가|ᆫ다고|공원|그냥|그래서|그러면|그런|그럼|그렇|금지|길거리|도시|뒷처리|만들|사람|사업가|산책|시키|아마도|아이디어|어떤|어서|어야|엉망|에서|우리|을까|자기|잔인|잖아|정말|키우,ᆫ다|공원|대하|장단점|토론|필요,공원,ᆫ가|ᆫ다고|그냥|그래서|그러면|그런|그럼|그렇|금지|길거리|도시|뒷처리|만들|사람|사업가|산책|시키|아마도|아이디어|어떤|어서|어야|엉망|에서|우리|을까|자기|잔인|잖아|정말|키우,ᆫ다|대하|장단점|토론|필요
77,dev_77,103,16,10,0.0971,0.625,2|andrea|kevin|laura|ᆫ다고|ᆫ데|가끔|거기|거든|결국|결혼|고려|고맙|과장|궁금|그것|그냥|그녀|그럭저럭|그렇|그리고|그만|근데|기대|기쁘|까지|나아지|너무|노력|느끼|는데|는지|다고|다던데|다르|다른|다행히|단계|대단|더라|동안|마지막|만나|만족|멋지|모르|무슨|바래|밖에|별로|부서|사귀|사람|사실|새롭|소식|승진|아니|아무리|아직|안녕|안도|알아주|얘기|어도|어떻|어서|어쩌|에서|연애|예전|오랜만|올라서|요즘|우리|으려고|으면|이상|이유|이제|이직|인상|인정|자리|잖아|전부|정말|정말로|제안|지금|지나|지내|지만|직업|직장|처음|최선|축하|특별|한동안|합리|회계|회사,2|andrea|kevin|laura|ᆫ다|결정|결혼|급여|나누|만나|서로|소식|승진|오랜만|인상|최근,2|andrea|kevin|laura|결혼|만나|소식|승진|오랜만|인상,ᆫ다고|ᆫ데|가끔|거기|거든|결국|고려|고맙|과장|궁금|그것|그냥|그녀|그럭저럭|그렇|그리고|그만|근데|기대|기쁘|까지|나아지|너무|노력|느끼|는데|는지|다고|다던데|다르|다른|다행히|단계|대단|더라|동안|마지막|만족|멋지|모르|무슨|바래|밖에|별로|부서|사귀|사람|사실|새롭|아니|아무리|아직|안녕|안도|알아주|얘기|어도|어떻|어서|어쩌|에서|연애|예전|올라서|요즘|우리|으려고|으면|이상|이유|이제|이직|인정|자리|잖아|전부|정말|정말로|제안|지금|지나|지내|지만|직업|직장|처음|최선|축하|특별|한동안|합리|회계|회사,ᆫ다|결정|급여|나누|서로|최근
78,dev_78,41,10,4,0.0976,0.4,가지|거든|걸어가|고맙|괜찮|교수|그럼|그렇|다고|다니|다시|다행|들르|라고|려고|멀리|바로|보이|보충|시험|아스피린|아프|약국|얘기|어도|어디|어서|어야|어제|에서|오늘|운전|이제|일어나|잠깐|조금|지금|챙기|침대|필요|하고,ᆸ니다|교수|대화|마치|보충|습니다|시험|아프|으로|지만,교수|보충|시험|아프,가지|거든|걸어가|고맙|괜찮|그럼|그렇|다고|다니|다시|다행|들르|라고|려고|멀리|바로|보이|아스피린|약국|얘기|어도|어디|어서|어야|어제|에서|오늘|운전|이제|일어나|잠깐|조금|지금|챙기|침대|필요|하고,ᆸ니다|대화|마치|습니다|으로|지만
79,dev_79,51,18,10,0.1961,0.5556,sara|ᆫ다고|ᆯ까|ᆯ래|가져가|같이|계시|그거|그녀|그래|그런데|그리고|글쎄|날씨|농담|더라|맥주|바다|병원|샌드위치|샐러드|생각|소풍|아니|아프|안타깝|어머니|어서|어야지|어제|어쩌|에게|에서|오늘|우리|음료|이랑|이번|자외선|잖아|전화|정말|좋아하|주말|차단제|챙기|칩스|코카콜라|타월|토요일|해변,sara|ᆸ니다|가져가|그리고|다고|아프|어머니|어서|에게|음료|음식|자고|전하|정리|제안|주말|준비물|해변,sara|가져가|그리고|아프|어머니|어서|에게|음료|주말|해변,ᆫ다고|ᆯ까|ᆯ래|같이|계시|그거|그녀|그래|그런데|글쎄|날씨|농담|더라|맥주|바다|병원|샌드위치|샐러드|생각|소풍|아니|안타깝|어야지|어제|어쩌|에서|오늘|우리|이랑|이번|자외선|잖아|전화|정말|좋아하|차단제|챙기|칩스|코카콜라|타월|토요일,ᆸ니다|다고|음식|자고|전하|정리|제안|준비물
80,dev_80,96,18,10,0.1042,0.5556,...|190|30|cm|ᆫ답니다|가지|개구리|걸치|검은색|공원|군요|그런데|그렇|글쎄요|나무|나요|나타나|낚아채|남자|냇물|너무|넘어뜨리|네요|놀라|농구화|는지|다니|다르|다른|도망가|돌리|드레스|라고|려고|마다|말씀|머리|며칠|모르|무늬|무슨|물건|물방울|보통|빨간색|빼앗|사람|사이|새소리|설명|세요|소리|수염|스웨터|습니다|신고|신발|아.|아마도|어도|어떤|어서|어야|어요|얼굴|여자|여장|연하|예요|왼쪽|웨이브|으시|이상|이유|이틀|인상착의|자리|자연|잠깐|절도|정도|정확히|주변|즐기|지나|지만|쫓아가|체격|퇴근|특징|피해자|확실|후반|훔치|흐르|흰색,ᆸ니다|경찰|도둑|돌리|며칠|묘사|빼앗|수염|신고|신발|알려지|알아채|에게|여자|외모|왼쪽|절도|피해자,돌리|며칠|빼앗|수염|신고|신발|여자|왼쪽|절도|피해자,...|190|30|cm|ᆫ답니다|가지|개구리|걸치|검은색|공원|군요|그런데|그렇|글쎄요|나무|나요|나타나|낚아채|남자|냇물|너무|넘어뜨리|네요|놀라|농구화|는지|다니|다르|다른|도망가|드레스|라고|려고|마다|말씀|머리|모르|무늬|무슨|물건|물방울|보통|빨간색|사람|사이|새소리|설명|세요|소리|스웨터|습니다|아.|아마도|어도|어떤|어서|어야|어요|얼굴|여장|연하|예요|웨이브|으시|이상|이유|이틀|인상착의|자리|자연|잠깐|정도|정확히|주변|즐기|지나|지만|쫓아가|체격|퇴근|특징|확실|후반|훔치|흐르|흰색,ᆸ니다|경찰|도둑|묘사|알려지|알아채|에게|외모
81,dev_81,37,18,9,0.2432,0.5,1|jim|ᆫ지|계속|궁금|그러|그런|그런데|그렇|넘치|는데|는지|동안|뒤처지|만큼|모르|버티|변하|별로|불만|사람|사실|사장|신경|아니|어도|어떻|업무|에너지|이해심|이후|잔소리|전혀|정말|조금|지나|한테,jim|ᆫ다고|ᆸ니다|가지|계속|궁금하|느끼|는지|다고|만큼|불만|사장|에게|에너지|이유|이해|이해심|잔소리,jim|계속|는지|만큼|불만|사장|에너지|이해심|잔소리,1|ᆫ지|궁금|그러|그런|그런데|그렇|넘치|는데|동안|뒤처지|모르|버티|변하|별로|사람|사실|신경|아니|어도|어떻|업무|이후|전혀|정말|조금|지나|한테,ᆫ다고|ᆸ니다|가지|궁금하|느끼|다고|에게|이유|이해
82,dev_82,15,6,5,0.3333,0.8333,ᆸ니다|감사|는데|목록|세요|센터|양식|어요|여기|여러|일자리|작성|지원|컴퓨터|파트타임,ᆸ니다|려고|센터|일자리|지원|컴퓨터,ᆸ니다|센터|일자리|지원|컴퓨터,감사|는데|목록|세요|양식|어요|여기|여러|작성|파트타임,려고
83,dev_83,15,6,3,0.2,0.5,괜찮|그냥|그래|기분|더라|라고|많이|무슨|별로|보이|사장|아니야|열심히|요즘|힘들,기운|라고|말씀|사장|에게|열심히,라고|사장|열심히,괜찮|그냥|그래|기분|더라|많이|무슨|별로|보이|아니야|요즘|힘들,기운|말씀|에게
84,dev_84,70,11,2,0.0286,0.1818,ᆫ가|ᆯ까|ᆯ지|가운|가장|가족|거나|거든|결국|결정|결정력|계속|계획|공부|그냥|그래|그러|기분|기억|긴장|까지|내리|너무|느끼|는데|다른|대학|대학원|동시|두려움|두렵|마케팅|만족|망설이|면서|모르|밀어붙이|바꾸|별로|부족|사람|상실감|생각|스럽|시기|시절|어떻|어서|어야|에서|완전|으면|인생|자랑|잘되|제안|졸업|졸업식|좋아하|지만|직장|참석|하나|하지만|학사모|한테|항상|해내|휘둘리|힘들,ᆸ니다|가지|감정|격려|결단력|계획|나누|대하|라고|에게|졸업,계획|졸업,ᆫ가|ᆯ까|ᆯ지|가운|가장|가족|거나|거든|결국|결정|결정력|계속|공부|그냥|그래|그러|기분|기억|긴장|까지|내리|너무|느끼|는데|다른|대학|대학원|동시|두려움|두렵|마케팅|만족|망설이|면서|모르|밀어붙이|바꾸|별로|부족|사람|상실감|생각|스럽|시기|시절|어떻|어서|어야|에서|완전|으면|인생|자랑|잘되|제안|졸업식|좋아하|지만|직장|참석|하나|하지만|학사모|한테|항상|해내|휘둘리|힘들,ᆸ니다|가지|감정|격려|결단력|나누|대하|라고|에게
85,dev_85,70,14,6,0.0857,0.4286,..|...|20|200|50|6|ayden.|den.|jay|ᆫ데|ᆯ까|가지|같이|거든|고맙|그거|근데|금요일|까지|나가|나오|는데|달러|도와주|도움|따르|라도|려면|밖에|버리|버티|별로|부탁|빈털터리|빌리|빠듯하|사실|상황|새로|시간|아주머니|어도|어떻|어서|어야|엄청|엔진|오늘|완전히|우리|월급|월요일|으라고|은데|을게|이렇게|이번|저기|저녁|저축|전액|정도|조금|주말|지금|지만|진짜|집주인|하나|혹시,20|200|6|jayden|ᆫ다|달러|빌리|빚지|에게|여유|오후|주인|지만|초대,20|200|6|달러|빌리|지만,..|...|50|ayden.|den.|jay|ᆫ데|ᆯ까|가지|같이|거든|고맙|그거|근데|금요일|까지|나가|나오|는데|도와주|도움|따르|라도|려면|밖에|버리|버티|별로|부탁|빈털터리|빠듯하|사실|상황|새로|시간|아주머니|어도|어떻|어서|어야|엄청|엔진|오늘|완전히|우리|월급|월요일|으라고|은데|을게|이렇게|이번|저기|저녁|저축|전액|정도|조금|주말|지금|진짜|집주인|하나|혹시,jayden|ᆫ다|빚지|에게|여유|오후|주인|초대
86,dev_86,17,6,2,0.1176,0.3333,...|1|14|4|5|ᆫ데|거든|나이|보다|생일|아마도|아홉|어야|언제|엄마|파티|한테,ᆫ다|나이|대하|생일|서로|이야기,나이|생일,...|1|14|4|5|ᆫ데|거든|보다|아마도|아홉|어야|언제|엄마|파티|한테,ᆫ다|대하|서로|이야기
87,dev_87,58,9,5,0.0862,0.5556,janice|ᆫ다|ᆯ게|게다가|결국|관심|그냥|그녀|그래|그러|금발|긴장|나쁘|남자|너무|다른|다섯|당황|대박|더라고|동네|드레스|려고|마시|매력|맥주|모르|바보|보이|빠지|빨갛|사람|사랑|상관없|새로|생각|서두르|스타일|실수|아깝|아니|어떻|어서|에게|여자|용기|은데|음악|저기|정말|정신|좋아하|차리|친절|파티|하지만|항상|행운,ᆸ니다|격려|결심|금발|긴장|대화|맥주|에게|여자,금발|긴장|맥주|에게|여자,janice|ᆫ다|ᆯ게|게다가|결국|관심|그냥|그녀|그래|그러|나쁘|남자|너무|다른|다섯|당황|대박|더라고|동네|드레스|려고|마시|매력|모르|바보|보이|빠지|빨갛|사람|사랑|상관없|새로|생각|서두르|스타일|실수|아깝|아니|어떻|어서|용기|은데|음악|저기|정말|정신|좋아하|차리|친절|파티|하지만|항상|행운,ᆸ니다|격려|결심|대화
88,dev_88,19,8,2,0.1053,0.25,ᆯ게|거기|구리|그거|동상|려고|메리|무슨|미안|불상|상관|성공|신경|아직|여기|원하|입찰|진짜|취소,ᆫ다|결과|꺼리|대답|메리|에게|입찰|지만,메리|입찰,ᆯ게|거기|구리|그거|동상|려고|무슨|미안|불상|상관|성공|신경|아직|여기|원하|진짜|취소,ᆫ다|결과|꺼리|대답|에게|지만
89,dev_89,59,12,5,0.0847,0.4167,ᆯ게|ᆯ지|강의|걱정|걱정거리|고맙|교통|그거|그래|그래도|그런데|기다리|까지|나아지|너무|논문|는데|는지|다르|다른|마감|만큼|많이|모르|물어보|바로|방법|보이|세요|소식|스트레스|아기|아직|아침|안녕|어떻|어서|어야|에서|오늘|월요일|을까|이번|일정|작업|잠들|주말|줄이|집중|짜증|처럼|체증|출근길|편안|하나|하지만|학교|회의|힘들,gav|ᆫ다|강의|걱정|교통|위하|이야기|인하|제공|조언|주말|체증,강의|걱정|교통|주말|체증,ᆯ게|ᆯ지|걱정거리|고맙|그거|그래|그래도|그런데|기다리|까지|나아지|너무|논문|는데|는지|다르|다른|마감|만큼|많이|모르|물어보|바로|방법|보이|세요|소식|스트레스|아기|아직|아침|안녕|어떻|어서|어야|에서|오늘|월요일|을까|이번|일정|작업|잠들|줄이|집중|짜증|처럼|출근길|편안|하나|하지만|학교|회의|힘들,gav|ᆫ다|위하|이야기|인하|제공|조언
90,dev_90,22,14,6,0.2727,0.4286,ᆫ다고|개인|권리|그녀|그렇|농담|다고|다면|만약|부정|비난|생각|선생|얘기|어야|에서|원하|으로|잘못|전체|하지만|행위,myra|ᆫ다는|ᆸ니다|개인|경우|부정|선생|어야|에게|으로|의견|의심|이야기|행위,개인|부정|선생|어야|으로|행위,ᆫ다고|권리|그녀|그렇|농담|다고|다면|만약|비난|생각|얘기|에서|원하|잘못|전체|하지만,myra|ᆫ다는|ᆸ니다|경우|에게|의견|의심|이야기
91,dev_91,86,25,12,0.1395,0.48,17|hank|jill|karen|karen.|la|ralston|sara|suzy|ᆫ가|ᆯ게|ᆯ지|가능|감기|갑자기|강하|같이|거든|걸리|교회|그녀|그러면|그런|그런데|기분|나이|넘기|누구|는데|다행|도와주|떠나|라는|먼저|모르|무슨|문제|밤새|번호|베이비시터|병원|보다|부담|부탁|비행기|사람|상하|생각|성숙|시어머니|아마|아이|아직|알아보|얘기|어도|어서|어야|엄마|에서|여기|오늘|완전히|우리|원하|으시|은데|을까|의사|이나|이런|이번|이틀|입원|자주|전화|정도|정말|제일|조금|지내|지만|책임감|필요|한테|확실히,karen|l.a.|sara|suzy|ᆫ다|ᆫ다고|감기|걸리|그녀|남기|다고|도움|돌보|떠나|베이비시터|병문안|성숙|시어머니|어야|에게|연락|요청|위하|책임감|추천,karen|sara|suzy|감기|걸리|그녀|떠나|베이비시터|성숙|시어머니|어야|책임감,17|hank|jill|karen.|la|ralston|ᆫ가|ᆯ게|ᆯ지|가능|갑자기|강하|같이|거든|교회|그러면|그런|그런데|기분|나이|넘기|누구|는데|다행|도와주|라는|먼저|모르|무슨|문제|밤새|번호|병원|보다|부담|부탁|비행기|사람|상하|생각|아마|아이|아직|알아보|얘기|어도|어서|엄마|에서|여기|오늘|완전히|우리|원하|으시|은데|을까|의사|이나|이런|이번|이틀|입원|자주|전화|정도|정말|제일|조금|지내|지만|필요|한테|확실히,l.a.|ᆫ다|ᆫ다고|남기|다고|도움|돌보|병문안|에게|연락|요청|위하|추천
92,dev_92,61,12,8,0.1311,0.6667,2|anna|jason.|sabrina|ᆫ가|ᆫ다고|ᆯ지|가끔|거든|걱정|고맙|교사|그냥|그때|그러|그런데|그렇|까지|너무|누구|느리|는데|다면|다음|동안|라는|마을|만약|매니저|메일|무슨|문제|바라|밖에|보내|보이|산골|생기|소식|아프리카|어서|얼마나|에서|여동생|연기|연락|우편|원래|월요일|일주일|자원봉사|자주|정말|준비|지금|처럼|최소한|통화|편지|회의|희소식,2|sabrina|ᆸ니다|걱정|그녀|동안|상황|소식|어서|에서|여동생|위로,2|sabrina|걱정|동안|소식|어서|에서|여동생,anna|jason.|ᆫ가|ᆫ다고|ᆯ지|가끔|거든|고맙|교사|그냥|그때|그러|그런데|그렇|까지|너무|누구|느리|는데|다면|다음|라는|마을|만약|매니저|메일|무슨|문제|바라|밖에|보내|보이|산골|생기|아프리카|얼마나|연기|연락|우편|원래|월요일|일주일|자원봉사|자주|정말|준비|지금|처럼|최소한|통화|편지|회의|희소식,ᆸ니다|그녀|상황|위로
93,dev_93,43,10,3,0.0698,0.3,3|감기|감기약|강하|걸리|고맙|그러니|기침|나아지|네요|단순|독감|동안|드시|라면|며칠|무슨|밖에|방법|버티|병원|보이|빠지|상태|세요|습니다|심하|아프|안녕|안색|어도|어서|어야|어요|에요|으면|중요|지나|지만|콧물|필요|하지만|확실,ᆸ니다|강하|권장|동의|방문|병원|에게|요청|위하|중요,강하|병원|중요,3|감기|감기약|걸리|고맙|그러니|기침|나아지|네요|단순|독감|동안|드시|라면|며칠|무슨|밖에|방법|버티|보이|빠지|상태|세요|습니다|심하|아프|안녕|안색|어도|어서|어야|어요|에요|으면|지나|지만|콧물|필요|하지만|확실,ᆸ니다|권장|동의|방문|에게|요청|위하
94,dev_94,34,2,2,0.0588,1.0,20|9|ᆯ게|거기|고맙|공원|괜찮|구나|근처|내리|너무|놓치|는데|니까|데리|돌아가|만나|밖에|아니|약속|어다|어도|어디|어서|어야|에서|오전|웨스트민스터|정말|지하철역|친구|친절|태우|하지만,만나|태우,만나|태우,20|9|ᆯ게|거기|고맙|공원|괜찮|구나|근처|내리|너무|놓치|는데|니까|데리|돌아가|밖에|아니|약속|어다|어도|어디|어서|어야|에서|오전|웨스트민스터|정말|지하철역|친구|친절|하지만,
95,dev_95,48,11,6,0.125,0.5455,같이|결국|공부|그런데|근데|금방|놀라|다가|대신|더라고|라고|려고|마다|마디|만남|반응|발음|배우|보통|부분|비슷|빵집|사람|산속|소개|소통|어떻|어색|어서|어야|언어|에서|여름|여행|영어|오해|외지|우리|이랑|이야기|인도|정말|주인|지내|친구|표정|헷갈리|현지,ᆸ니다|경험|관하|언어|에서|여름|여행|이야기|인도|재미있|혼란,언어|에서|여름|여행|이야기|인도,같이|결국|공부|그런데|근데|금방|놀라|다가|대신|더라고|라고|려고|마다|마디|만남|반응|발음|배우|보통|부분|비슷|빵집|사람|산속|소개|소통|어떻|어색|어서|어야|영어|오해|외지|우리|이랑|정말|주인|지내|친구|표정|헷갈리|현지,ᆸ니다|경험|관하|재미있|혼란
96,dev_96,23,12,8,0.3478,0.6667,가깝|건물|그래서|마시|만나|매니저|면서|모레|벌써|수요일|아주|얘기|어디|어서|에서|요청|우리|이제|인터뷰|일정|잡히|축하|커피,나누|마시|만나|매니저|수요일|예정|으며|이야기|인터뷰|일정|잡히|커피,마시|만나|매니저|수요일|인터뷰|일정|잡히|커피,가깝|건물|그래서|면서|모레|벌써|아주|얘기|어디|어서|에서|요청|우리|이제|축하,나누|예정|으며|이야기
97,dev_97,40,6,2,0.05,0.3333,1|ᆫ다고|ᆫ지|ᆯ게|ᆯ지|거리|공기|궁금하|그럼|꾸준|느끼|늘리|달리기|더라고|따르|러닝머신|마라톤|마일|먼저|멈추|면서|속도|시작|신선|아니|어디|어떻|어서|어야|에서|유지|은데|은지|을까|일단|자연|정도|천천히|함께|헬스장,ᆫ다|가지|마라톤|시작|제시|조언,마라톤|시작,1|ᆫ다고|ᆫ지|ᆯ게|ᆯ지|거리|공기|궁금하|그럼|꾸준|느끼|늘리|달리기|더라고|따르|러닝머신|마일|먼저|멈추|면서|속도|신선|아니|어디|어떻|어서|어야|에서|유지|은데|은지|을까|일단|자연|정도|천천히|함께|헬스장,ᆫ다|가지|제시|조언
98,dev_98,53,8,2,0.0377,0.25,2|ᆫ가요|ᆯ게요|ᆸ니다|감사|개인|괜찮|교회|군요|그냥|그래서|그런데|그럼|그렇|근처|기독교|기독교인|기쁘|너무|대하|도움|동료|드리|떨어지|려고|마련|만나|문화|미치|블록|사실|사촌|새롭|서양|서쪽|스트리트|신부|아니|아이비|어서|어요|에게|에세이|에요|여기|영향|으로|이나마|자리|정도|정말|조금|조사,izek|기독교|만남|습니다|신부|연구|위하|주선,기독교|신부,2|ᆫ가요|ᆯ게요|ᆸ니다|감사|개인|괜찮|교회|군요|그냥|그래서|그런데|그럼|그렇|근처|기독교인|기쁘|너무|대하|도움|동료|드리|떨어지|려고|마련|만나|문화|미치|블록|사실|사촌|새롭|서양|서쪽|스트리트|아니|아이비|어서|어요|에게|에세이|에요|여기|영향|으로|이나마|자리|정도|정말|조금|조사,izek|만남|습니다|연구|위하|주선
99,dev_99,35,8,2,0.0571,0.25,ᆯ게요|가지|고양이|괜찮|군요|그런|그렇|그리고|금연|끓이|나가|나요|네요|담배|동의|드리|말씀|바닥|붙이|사용|사진|세요|습니다|어도|어야|어요|어차피|에서|에요|올리|위층|으로|주전자|창문|피우,ᆸ니다|사항|설명|어야|에게|에서|주의|지키,어야|에서,ᆯ게요|가지|고양이|괜찮|군요|그런|그렇|그리고|금연|끓이|나가|나요|네요|담배|동의|드리|말씀|바닥|붙이|사용|사진|세요|습니다|어도|어요|어차피|에요|올리|위층|으로|주전자|창문|피우,ᆸ니다|사항|설명|에게|주의|지키
100,dev_100,33,8,7,0.2121,0.875,14|ᆫ데|ᆯ게요|ᆸ니다|구역|그런데|금방|금지|기다리|들어오|면하|모퉁이|발부|벌금|법원|습니다|어서|어야|어요|에요|여기|이내|이의|잘못|저기|제기|죄송|주차|증명|지만|친구|티켓|표지판,구역|금지|못하|발부|습니다|주차|티켓|표지판,구역|금지|발부|습니다|주차|티켓|표지판,14|ᆫ데|ᆯ게요|ᆸ니다|그런데|금방|기다리|들어오|면하|모퉁이|벌금|법원|어서|어야|어요|에요|여기|이내|이의|잘못|저기|제기|죄송|증명|지만|친구,못하
101,dev_101,33,10,4,0.1212,0.4,486|ᆫ가|ᆯ까요|ᆸ니다|가격|귀하|그러|나요|대신|물론|보이|부분|사이즈|색상|세요|스타일|습니다|아름답|어도|어요|얼마|에게|여기|왕조|위안|저기|정말|죄송|초록색|치파오|피팅|한번|허리,ᆸ니다|구매|다른|도움|매장|사이즈|색상|에서|으로|치파오,ᆸ니다|사이즈|색상|치파오,486|ᆫ가|ᆯ까요|가격|귀하|그러|나요|대신|물론|보이|부분|세요|스타일|습니다|아름답|어도|어요|얼마|에게|여기|왕조|위안|저기|정말|죄송|초록색|피팅|한번|허리,구매|다른|도움|매장|에서|으로
102,dev_102,22,9,6,0.2727,0.6667,12|ᆸ니다|가지|감사|거기|그럼|나요|네요|노트북|는데|라운지|사용|안녕하세요|어떻|어야|에서|이용|인터넷|저희|지금|지만|호텔,12|ᆸ니다|다고|라운지|안내|에게|이용|인터넷|호텔,12|ᆸ니다|라운지|이용|인터넷|호텔,가지|감사|거기|그럼|나요|네요|노트북|는데|사용|안녕하세요|어떻|어야|에서|저희|지금|지만,다고|안내|에게
103,dev_103,23,5,2,0.087,0.4,1500|ᆯ게요|ᆯ로|ᆸ니다|감사|그것|나요|네요|다르|디지털|물론|보이|얼마|에요|예요|위안|을까요|이거|저기|정말|제품|카메라|필요,ᆸ니다|구매|도움|으로|카메라,ᆸ니다|카메라,1500|ᆯ게요|ᆯ로|감사|그것|나요|네요|다르|디지털|물론|보이|얼마|에요|예요|위안|을까요|이거|저기|정말|제품|필요,구매|도움|으로
104,dev_104,62,12,4,0.0645,0.3333,2|ᆯ까|ᆯ래|같이|고르|그거|그러|그러면|그럼|기다리|는데|다행|들어가|려고|마시|마지막|맛있|맥주|메뉴|메인|무례|배고프|병아리콩|보이|부르|사랑|사모|생각|소스|시키|야채|양고기|어떻|어서|어쩌|에피타이저|여기|예약|오래|와인|요리|우리|웨이터|으면|을까|을래|이나|이랑|잖아|접시|정말|제일|좋아하|주문|진짜|카레|케밥|테이블|특선|파파돔|하나|함께,ᆸ니다|계획|고민|기다리|까지|메뉴|세우|식당|에서|웨이터|인기|주문,기다리|메뉴|웨이터|주문,2|ᆯ까|ᆯ래|같이|고르|그거|그러|그러면|그럼|는데|다행|들어가|려고|마시|마지막|맛있|맥주|메인|무례|배고프|병아리콩|보이|부르|사랑|사모|생각|소스|시키|야채|양고기|어떻|어서|어쩌|에피타이저|여기|예약|오래|와인|요리|우리|으면|을까|을래|이나|이랑|잖아|접시|정말|제일|좋아하|진짜|카레|케밥|테이블|특선|파파돔|하나|함께,ᆸ니다|계획|고민|까지|세우|식당|에서|인기
105,dev_105,34,10,8,0.2353,0.8,linda|ᆯ게|결론|고맙|그녀|그러|그렇|긍정|끝내|나오|내리|너무|는데|다시|데이트|려고|려는|마.|모르|버리|생각|성급|시도|신청|아침|약속|어젯밤|에게|오늘|으로|전화|조언|지키|처음,linda|ᆸ니다|다시|데이트|라고|신청|약속|에게|조언|지키,linda|다시|데이트|신청|약속|에게|조언|지키,ᆯ게|결론|고맙|그녀|그러|그렇|긍정|끝내|나오|내리|너무|는데|려고|려는|마.|모르|버리|생각|성급|시도|아침|어젯밤|오늘|으로|전화|처음,ᆸ니다|라고
106,dev_106,32,8,3,0.0938,0.375,ᆯ게요|ᆯ까요|가운데|가지|간단|그거|그냥|그러면|다른|드리|드시|메뉴|문제|별로|세요|스테이크|습니다|아니|어다|어떤|어떻|어요|에서|예요|이상|익히|저기|정도|주문|차갑|치우|치킨,ᆫ다|대하|바꾸|불평|스테이크|에게|주문|치킨,스테이크|주문|치킨,ᆯ게요|ᆯ까요|가운데|가지|간단|그거|그냥|그러면|다른|드리|드시|메뉴|문제|별로|세요|습니다|아니|어다|어떤|어떻|어요|에서|예요|이상|익히|저기|정도|차갑|치우,ᆫ다|대하|바꾸|불평|에게
107,dev_107,60,15,7,0.1167,0.4667,17|9|ᆫ데|ᆯ게|ᆯ래|가격|가져가|갈아입|같이|거기|거든|곤란|괜찮|그래|그럼|근데|넥타이|는데|는지|데리|데이트|도착|드레스|들르|라고|라서|려고|마지막|물론|바로|보내|빌리|상대|새로|생각|생기|아니|아주|어느|어도|어서|예약|오늘|완벽|우리|으로|으면|음식|이나|이랑|입장료|자리|재킷|적당|정말|좋아|충분히|캐주얼|코드|하나,17|ᆸ니다|답변|대하|드레스|모든|새로|생기|에게|입장료|자고|자리|질문|초대|코드,17|드레스|새로|생기|입장료|자리|코드,9|ᆫ데|ᆯ게|ᆯ래|가격|가져가|갈아입|같이|거기|거든|곤란|괜찮|그래|그럼|근데|넥타이|는데|는지|데리|데이트|도착|들르|라고|라서|려고|마지막|물론|바로|보내|빌리|상대|생각|아니|아주|어느|어도|어서|예약|오늘|완벽|우리|으로|으면|음식|이나|이랑|재킷|적당|정말|좋아|충분히|캐주얼|하나,ᆸ니다|답변|대하|모든|에게|자고|질문|초대
108,dev_108,42,13,7,0.1667,0.5385,20|27|abc|ᆯ게요|ᆯ까요|ᆸ니다|가격|거리|고객|기름|나요|달러|대하|돌리|드리|렌터카|면허증|무엇|반납|보이|빌리|습니다|어떤|어떻|어서|어야|여기|요금|운전|으니|은데요|을까요|일주일|주행|차량|채우|추가|포함|폭스바겐|플리머스|핀토|하루,abc|ᆸ니다|결정|대하|렌터카|렌트|문의|빌리|에서|정보|주일|차량|핀토,abc|ᆸ니다|대하|렌터카|빌리|차량|핀토,20|27|ᆯ게요|ᆯ까요|가격|거리|고객|기름|나요|달러|돌리|드리|면허증|무엇|반납|보이|습니다|어떤|어떻|어서|어야|여기|요금|운전|으니|은데요|을까요|일주일|주행|채우|추가|포함|폭스바겐|플리머스|하루,결정|렌트|문의|에서|정보|주일
109,dev_109,36,8,2,0.0556,0.25,ᆫ다고|거기|구나|그냥|그래|그런|그리고|다른|당연히|더라|또는|라고|려면|로마|로마인|맛보|맛있|면서|무슨|버스|비행기|사람|아니|어떻|어서|어야|어야지|음식|잖아|정말|즐기|지만|처럼|출근|항상|행동,ᆸ니다|대하|로마인|문화|방식|생활|음식|이야기,로마인|음식,ᆫ다고|거기|구나|그냥|그래|그런|그리고|다른|당연히|더라|또는|라고|려면|로마|맛보|맛있|면서|무슨|버스|비행기|사람|아니|어떻|어서|어야|어야지|잖아|정말|즐기|지만|처럼|출근|항상|행동,ᆸ니다|대하|문화|방식|생활|이야기
110,dev_110,33,11,7,0.2121,0.6364,jenny|ᆯ까|공부|그냥|그래서|그러면|그만두|는데|다음|떠오르|려고|머리|무슨|문제|미안|보이|생각|시험|신경|아니|아무것|얼굴|에서|우리|이봐|이야기|잘못|정말|진지|하얗|하지만|학교|학기,jenny|sally|ᆫ다|그만두|려고|려는|생각|시험|위로|이야기|학교,jenny|그만두|려고|생각|시험|이야기|학교,ᆯ까|공부|그냥|그래서|그러면|는데|다음|떠오르|머리|무슨|문제|미안|보이|신경|아니|아무것|얼굴|에서|우리|이봐|잘못|정말|진지|하얗|하지만|학기,sally|ᆫ다|려는|위로
111,dev_111,27,12,8,0.2963,0.6667,ᆫ다고|건강|과학|그거|그래|그렇|그리고|다고|동의|만들|매년|보다|부유|불행|산업|생각|세상|솔직히|아니|어떻|에서|예전|우리|의견|의학|하지만|현명,건강|과학|는다|다고|동의|부유|사람|산업|으로|의학|지만|현명,건강|과학|다고|동의|부유|산업|의학|현명,ᆫ다고|그거|그래|그렇|그리고|만들|매년|보다|불행|생각|세상|솔직히|아니|어떻|에서|예전|우리|의견|하지만,는다|사람|으로|지만
112,dev_112,61,15,8,0.1311,0.5333,101|ᆯ까|거기|거든|거의|건물|고맙|교수|그런|그런데|그럼|그렇|깜빡|날짜|놓치|는데|당연|도움|들어가|등록|딱히|똑같|라도|마이크|많이|문제|바래|방식|벌써|별로|사무실|사인|사회학|수업|심리학|아니|아직|얘기|어도|어떻|어서|어야|어야지|으로|으시|을까|이번|자리|작년|잡히|정말|찾아가|철학|친구|카드|큰일|클래스|포기|하루|학기|항상,ᆸ니다|감사|구하|권장|깜빡|도움|드리|등록|마이크|사회학|수업|심리학|에게|조언|철학,깜빡|도움|등록|마이크|사회학|수업|심리학|철학,101|ᆯ까|거기|거든|거의|건물|고맙|교수|그런|그런데|그럼|그렇|날짜|놓치|는데|당연|들어가|딱히|똑같|라도|많이|문제|바래|방식|벌써|별로|사무실|사인|아니|아직|얘기|어도|어떻|어서|어야|어야지|으로|으시|을까|이번|자리|작년|잡히|정말|찾아가|친구|카드|큰일|클래스|포기|하루|학기|항상,ᆸ니다|감사|구하|권장|드리|에게|조언
113,dev_113,65,15,5,0.0769,0.3333,가능|갑자기|거든|계획|괴롭|그거|그녀|그래|그런데|그렇|글쎄|나중|남자|냉정|너무|너희|는데|다고|다면|대로|더라|라는|라도|만나|만큼|메리|무슨|별일|부터|분명히|사소|생각|심각|싸우|아니|안녕|어머|어서|어야|어젯밤|어차피|언제|었었|오래|우리|우정|이기|이랑|이런|이번|이해|자주|잖아|잡히|전화|정말|주말|지금|지내|친구|친하|하지만|해변|화해|흥분,나중|남자친구|다툼|만나|메리|못하|벌이|습니다|약속|위로|위하|으로|인하|전화|화해,나중|만나|메리|전화|화해,가능|갑자기|거든|계획|괴롭|그거|그녀|그래|그런데|그렇|글쎄|남자|냉정|너무|너희|는데|다고|다면|대로|더라|라는|라도|만큼|무슨|별일|부터|분명히|사소|생각|심각|싸우|아니|안녕|어머|어서|어야|어젯밤|어차피|언제|었었|오래|우리|우정|이기|이랑|이런|이번|이해|자주|잖아|잡히|정말|주말|지금|지내|친구|친하|하지만|해변|흥분,남자친구|다툼|못하|벌이|습니다|약속|위로|위하|으로|인하
114,dev_114,34,21,10,0.2941,0.4762,eal.|ᆯ래|가.|같이|고맙|공부|교수|나중|논문|다음|대단|동안|만나|무슨|부모|세미나|시작|시험|싱가포르|안녕|얘기|어디|어떻|어렵|어서|어야|언어|오랜만|자연|정말|지내|지도|처리|학교,neal|공부|교수|근황|나누|돌아오|만나|서로|세미나|시험|안부|언어|에서|오랜만|자연|전하|준비|지도|참석|처리|해외,공부|교수|만나|세미나|시험|언어|오랜만|자연|지도|처리,eal.|ᆯ래|가.|같이|고맙|나중|논문|다음|대단|동안|무슨|부모|시작|싱가포르|안녕|얘기|어디|어떻|어렵|어서|어야|정말|지내|학교,neal|근황|나누|돌아오|서로|안부|에서|전하|준비|참석|해외
115,dev_115,40,17,12,0.3,0.7059,ᆫ가요|ᆫ다고|ᆯ게요|ᆯ까요|ᆸ니다|감사|계시|고객|고맙|군요|그렇|그분|는데|드리|려고|만나|말씀|매니저|방금|병원|빨리|수잔|아내|아이|어도|어서|어야|어요|에게|여기|요청|이랑|전달|전화|정말|지금|출산|하지만|휴가|힘들,ᆸ니다|고객|떠나|라고|매니저|병원|수잔|아내|약속|어야|에게|요청|위하|으로|전달|출산|휴가,ᆸ니다|고객|매니저|병원|수잔|아내|어야|에게|요청|전달|출산|휴가,ᆫ가요|ᆫ다고|ᆯ게요|ᆯ까요|감사|계시|고맙|군요|그렇|그분|는데|드리|려고|만나|말씀|방금|빨리|아이|어도|어서|어요|여기|이랑|전화|정말|지금|하지만|힘들,떠나|라고|약속|위하|으로
116,dev_116,42,8,2,0.0476,0.25,ᆫ데|ᆯ게요|ᆯ로|ᆸ니다|가볍|강하|결제|계시|괜찮|그런데|그럼|근데|너무|네요|는데|달리|뚜껑|먼저|무겁|문제없|비슷|생각|세요|손잡이|아주|알루미늄|어떤|어떻게|어요|에서|에요|여기|으로|은데|이거|이미|정말|주방|크기|프라이팬|필요|현금,ᆸ니다|구매|도움|만족|스럽|위하|제품|프라이팬,ᆸ니다|프라이팬,ᆫ데|ᆯ게요|ᆯ로|가볍|강하|결제|계시|괜찮|그런데|그럼|근데|너무|네요|는데|달리|뚜껑|먼저|무겁|문제없|비슷|생각|세요|손잡이|아주|알루미늄|어떤|어떻게|어요|에서|에요|여기|으로|은데|이거|이미|정말|주방|크기|필요|현금,구매|도움|만족|스럽|위하|제품
117,dev_117,76,23,17,0.2237,0.7391,abc|company|ᆫ다면|ᆫ지요|ᆯ까요|ᆸ니다|가능|가지|감사|강조|공고|관심|국제|귀사|기간|나요|는데|능숙|다니|다른|드리|때문|려고|루시|만약|먼저|모니카|무엇|문제|문제없|문화|보내|사람|소개서|습니다|시급히|아직|안녕하세요|어서|어서요|어야|어요|언급|에게|에서|여부|연락|영어|오히려|웹사이트|으시|이런|이력서|이번|자기|자리|저희|전화|정보|지금|지내|지원|직장|직접|채용|채우|추천|출장|통보|퇴사|필수|해외|혹시|확인|회계|흥미,abc|company|가능|강조|관련|능력|다고|루시|모니카|습니다|약속|여부|영어|위하|이력서|전화|정보|제출|채용|출장|해외|확인|회계,abc|company|가능|강조|루시|모니카|습니다|여부|영어|이력서|전화|정보|채용|출장|해외|확인|회계,ᆫ다면|ᆫ지요|ᆯ까요|ᆸ니다|가지|감사|공고|관심|국제|귀사|기간|나요|는데|능숙|다니|다른|드리|때문|려고|만약|먼저|무엇|문제|문제없|문화|보내|사람|소개서|시급히|아직|안녕하세요|어서|어서요|어야|어요|언급|에게|에서|연락|오히려|웹사이트|으시|이런|이번|자기|자리|저희|지금|지내|지원|직장|직접|채우|추천|통보|퇴사|필수|혹시|흥미,관련|능력|다고|약속|위하|제출
118,dev_118,32,9,6,0.1875,0.6667,#address|#에|911|ᆫ가요|ᆯ지|ᆸ니다|계시|구급차|그런데|금방|나요|남편|도착|마비|말씀|모르|바로|보내|빨리|세요|심장|어떻|어야|어요|여기|의식|일으키|제발|주소|지금|천천히|혹시,911|ᆸ니다|구급차|남편|마비|심장|에게|요청|전화,911|ᆸ니다|구급차|남편|마비|심장,#address|#에|ᆫ가요|ᆯ지|계시|그런데|금방|나요|도착|말씀|모르|바로|보내|빨리|세요|어떻|어야|어요|여기|의식|일으키|제발|주소|지금|천천히|혹시,에게|요청|전화
119,dev_119,49,8,5,0.102,0.625,...|10|12|15|20|30|6|8|ᆫ가|ᆫ가요|ᆯ게요|ᆯ까요|ᆸ니다|가격|거스름돈|그럼|나요|뉴욕행|는지|다음|달러|드리|매일|세요|습니다|알리|어떤|어떻|어요|언제|얼마|에서|여기|열차|오전|왕복|으로|이용|일반석|일요일|잠시|제외|좌석|죄송|지만|출발|특실|편도|플랫폼,ᆸ니다|구매|기차표|뉴욕행|도움|으로|일반석|편도,ᆸ니다|뉴욕행|으로|일반석|편도,...|10|12|15|20|30|6|8|ᆫ가|ᆫ가요|ᆯ게요|ᆯ까요|가격|거스름돈|그럼|나요|는지|다음|달러|드리|매일|세요|습니다|알리|어떤|어떻|어요|언제|얼마|에서|여기|열차|오전|왕복|이용|일요일|잠시|제외|좌석|죄송|지만|출발|특실|플랫폼,구매|기차표|도움
120,dev_120,26,9,5,0.1923,0.5556,걱정|그러|그럼|기쁘|나라|너무|니까|다는|당선|대통령|동의|미국|변화|시작|시키|오바마|완전히|우리|으니|으로|이미|이제|정말로|진정|투표|필요,는다|라고|모두|미국|변화|시키|에게|오바마|투표,미국|변화|시키|오바마|투표,걱정|그러|그럼|기쁘|나라|너무|니까|다는|당선|대통령|동의|시작|완전히|우리|으니|으로|이미|이제|정말로|진정|필요,는다|라고|모두|에게
121,dev_121,36,12,5,0.1389,0.4167,거나|결정|공식|그렇|근무|금액|는지|당하|대부분|따라서|많이|모든|보다|보통|사무소|수당|시간|실업|알리|알아보|어떻|어서|얼마|에서|예전|으로|으면|을까|자격|전화|제공|지만|직장|청구|해고|확인,ᆸ니다|대하|사무소|상담|세부|수당|실업|에게|전화|정보|제안|확인,사무소|수당|실업|전화|확인,거나|결정|공식|그렇|근무|금액|는지|당하|대부분|따라서|많이|모든|보다|보통|시간|알리|알아보|어떻|어서|얼마|에서|예전|으로|으면|을까|자격|제공|지만|직장|청구|해고,ᆸ니다|대하|상담|세부|에게|정보|제안
122,dev_122,74,21,8,0.1081,0.381,"24,000|tv|ᆫ다고|ᆫ데|가난|가장|건설|공정|관대하|교사|그거|그녀|그렇|급여|기부|기사|나오|낭비|내용|놀랍|는지|다고|단체|달러|대하|동의|때문|라고|럭셔리|무슨|부유|불우|브리트니|비싸|사람|사용|생각|세계|소녀|소유|스타|스포츠카|스피어스|신경|아니|아마|아주|아프리카|어떤|어떻|어리|어서|어야|엄청|에서|여성|연예인|오프라|위하|윈프리|유명인|유지비|자선|잖아|잡지|정말|제공|직접|진짜|처럼|칭찬|특집|학교|호텔",ᆫ다|그녀|기사|기여|나누|내용|다른|라는|비교|사회|소비|습관|언급|오프라|윈프리|유명인|의견|자선|적극|칭찬|활동,그녀|기사|내용|오프라|윈프리|유명인|자선|칭찬,"24,000|tv|ᆫ다고|ᆫ데|가난|가장|건설|공정|관대하|교사|그거|그렇|급여|기부|나오|낭비|놀랍|는지|다고|단체|달러|대하|동의|때문|라고|럭셔리|무슨|부유|불우|브리트니|비싸|사람|사용|생각|세계|소녀|소유|스타|스포츠카|스피어스|신경|아니|아마|아주|아프리카|어떤|어떻|어리|어서|어야|엄청|에서|여성|연예인|위하|유지비|잖아|잡지|정말|제공|직접|진짜|처럼|특집|학교|호텔",ᆫ다|기여|나누|다른|라는|비교|사회|소비|습관|언급|의견|적극|활동
123,dev_123,39,10,3,0.0769,0.3,#phonenumber|#입니다|4|6|ᆯ까요|ᆸ니다|가지|감사|결정|관심|기회|까지|나가|다음|대하|대화|드리|면접|물론|보내|사이|세요|수요일|습니다|어도|어서|에서|연락|오후|으로|이런|저희|전화|전화번호|정말|즐겁|지원자|직무|최종,ᆸ니다|결과|마치|면접|본인|에게|위하|전화번호|제공|통보,ᆸ니다|면접|전화번호,#phonenumber|#입니다|4|6|ᆯ까요|가지|감사|결정|관심|기회|까지|나가|다음|대하|대화|드리|물론|보내|사이|세요|수요일|습니다|어도|어서|에서|연락|오후|으로|이런|저희|전화|정말|즐겁|지원자|직무|최종,결과|마치|본인|에게|위하|제공|통보
124,dev_124,40,6,4,0.1,0.6667,...|30|4|adams|da|david|johnson|mr.|vid.|ᆫ가|ᆫ가요|ᆯ게요|ᆸ니다|가능|검진|뒤쪽|머리|세요|습니다|심하|아니|아프|안녕|어느|어요|에요|예약|오늘|오후|으면|이름|이요|진료|충치|치과|치아|클리닝|하나|한쪽|확인,ᆸ니다|검진|에게|예약|전화|치과,ᆸ니다|검진|예약|치과,...|30|4|adams|da|david|johnson|mr.|vid.|ᆫ가|ᆫ가요|ᆯ게요|가능|뒤쪽|머리|세요|습니다|심하|아니|아프|안녕|어느|어요|에요|오늘|오후|으면|이름|이요|진료|충치|치아|클리닝|하나|한쪽|확인,에게|전화
125,dev_125,55,12,4,0.0727,0.3333,200|ᆫ가|거실|게스트|계획|공원|과일|그럼|그럼요|그리고|근데|나요|네요|덕분|도로|들어오|마당|마이클|많이|보다|보이|부엌|세요|순환|식당|신기하|아쉽|아주|어디|어떻|어서|어요|어제|얼마나|에요|역사|연못|예요|오래|온실|완성|욕실|위치|으로|은가|응접실|이사|이전|자연광|주말|지금|창문|채소|추가|침실,ᆸ니다|게스트|기꺼이|대하|마당|수락|여러|역사|이야기|준비|초대|침실,게스트|마당|역사|침실,200|ᆫ가|거실|계획|공원|과일|그럼|그럼요|그리고|근데|나요|네요|덕분|도로|들어오|마이클|많이|보다|보이|부엌|세요|순환|식당|신기하|아쉽|아주|어디|어떻|어서|어요|어제|얼마나|에요|연못|예요|오래|온실|완성|욕실|위치|으로|은가|응접실|이사|이전|자연광|주말|지금|창문|채소|추가,ᆸ니다|기꺼이|대하|수락|여러|이야기|준비|초대
126,dev_126,48,14,10,0.2083,0.7143,ᆫ가요|ᆯ게요|ᆯ까요|ᆸ니다|감사|그래서|그렇|까지|나오|나요|는데|다는|도착|드리|등기|만약|무게|무엇|물론|보관|보내|세요|수신|습니다|안녕|어떻|어야|어요|얼마나|여기|영수증|요금|우편|우표|위안|으로|으면|잠시|죄송|중요|증거|지만|천만에요|초과|추가|편지|하이난|확인,ᆸ니다|까지|등기|라고|배달|보관|보내|안내|에게|영수증|으로|중요|편지|하이난,ᆸ니다|까지|등기|보관|보내|영수증|으로|중요|편지|하이난,ᆫ가요|ᆯ게요|ᆯ까요|감사|그래서|그렇|나오|나요|는데|다는|도착|드리|만약|무게|무엇|물론|세요|수신|습니다|안녕|어떻|어야|어요|얼마나|여기|요금|우편|우표|위안|으면|잠시|죄송|증거|지만|천만에요|초과|추가|확인,라고|배달|안내|에게
127,dev_127,125,19,8,0.064,0.4211,10|11|3|4|5|9|brown|ᆫ가|ᆫ지|ᆯ까요|ᆸ니다|가능|가장|가지|거든요|걸리|게다가|결제|고객|고려|공장|관련|그거|그래도|그러|그렇|나요|납품|내놓|너무|네요|노력|는다면|는데|는지|다는|다른|다면|다시피|당신|대금|도달|동안|따라서|라고|려면|맞추|문제|물건|방법|보다|복잡|분기|빨리|사실|사업|상품|상황|생산자|서류|선적|성수기|세요|소매점|손해|수입|습니다|시간|시기|시장|시점|시즌|시키|실망|아마도|안타깝|알아보|앞당기|어렵|어서|어야|어요|언제|얼마나|업체|에게|에서|에요|예년|오랜|올해|요청|우리|유통|으면|의미|이미|이윤|이전|이제|이해|작업량|잖아요|저희|절차|접촉|정리|제때|제조|조건|죄송|주문|중순|중요|지만|진행|채널|최소|통관|특별히|판매|하지만|협상|혹시|힘들,ᆸ니다|가능|거절|결국|납품|너무|다고|동의|빠르|생산자|선적|시기|요청|으나|이유|제안|판단|협의|확인,ᆸ니다|가능|납품|너무|생산자|선적|시기|요청,10|11|3|4|5|9|brown|ᆫ가|ᆫ지|ᆯ까요|가장|가지|거든요|걸리|게다가|결제|고객|고려|공장|관련|그거|그래도|그러|그렇|나요|내놓|네요|노력|는다면|는데|는지|다는|다른|다면|다시피|당신|대금|도달|동안|따라서|라고|려면|맞추|문제|물건|방법|보다|복잡|분기|빨리|사실|사업|상품|상황|서류|성수기|세요|소매점|손해|수입|습니다|시간|시장|시점|시즌|시키|실망|아마도|안타깝|알아보|앞당기|어렵|어서|어야|어요|언제|얼마나|업체|에게|에서|에요|예년|오랜|올해|우리|유통|으면|의미|이미|이윤|이전|이제|이해|작업량|잖아요|저희|절차|접촉|정리|제때|제조|조건|죄송|주문|중순|중요|지만|진행|채널|최소|통관|특별히|판매|하지만|협상|혹시|힘들,거절|결국|다고|동의|빠르|으나|이유|제안|판단|협의|확인
128,dev_128,36,5,0,0.0,0.0,가리|거리|공간|기억|느낌|도록|도착|따라오|마음|모두|바닥재|부엌|부터|블라인드|색깔|색상|시선|아름답|안쪽|에서|와인|욕실|우리|으로|장식|저장|정말|창문|처음|최고|침실|카펫|커튼|타일|페인트|편안,구경|긍정|대하|습니다|인상,,가리|거리|공간|기억|느낌|도록|도착|따라오|마음|모두|바닥재|부엌|부터|블라인드|색깔|색상|시선|아름답|안쪽|에서|와인|욕실|우리|으로|장식|저장|정말|창문|처음|최고|침실|카펫|커튼|타일|페인트|편안,구경|긍정|대하|습니다|인상
129,dev_129,21,7,4,0.1905,0.5714,그거|그런|그렇|끌리|다양|라면|사용|생각|악기|어떤|어서|여러|음악|이랑|이유|장르|종류|좋아하|주로|즐기|특정,는다|설명|에게|음악|이유|장르|좋아하,음악|이유|장르|좋아하,그거|그런|그렇|끌리|다양|라면|사용|생각|악기|어떤|어서|여러|이랑|종류|주로|즐기|특정,는다|설명|에게
130,dev_130,100,35,17,0.17,0.4857,ᆫ가|ᆯ까요|ᆸ니다|가져가|경고|경찰|구석|귀중품|그거|그렇|금고|급히|깜빡|나가|나요|넘기|네요|놔두|누구|느라|는데|는지|니까|다만|다면|다시|당장|대하|도록|돌리|드리|따르|마지막|말씀|먼저|명확|모두|모르|모시|목걸이|무슨|물론|보관|보내|부르|분명|사건|사모|사무실|샤워|세요|손실|수색|습니다|아니|아침|안녕하세요|안전|안타깝|얘기|어디|어떻|어서|어야|어요|어젯밤|언제|예요|오늘|으니|으로|으면|을지|이제|이해|잠그|정확히|죄송|지금|지만|지배인|지침|착용|찾아보|책임지|철저히|총지배인|최선|출장|충분|카드|하녀|하지만|함께|행복|호텔|혹시|화장대|확실|훔치,ᆸ니다|가지|경찰|넘기|는다고|다고|다시|당하|대하|대화|도난|라고|만약|목걸이|못하|물어보|보내|불만|사건|사항|설명|세부|손실|수색|예정|요청|제안|주장|지만|지배인|책임지|총지배인|출장|하녀|호텔,ᆸ니다|경찰|넘기|다시|대하|목걸이|보내|사건|손실|수색|지만|지배인|책임지|총지배인|출장|하녀|호텔,ᆫ가|ᆯ까요|가져가|경고|구석|귀중품|그거|그렇|금고|급히|깜빡|나가|나요|네요|놔두|누구|느라|는데|는지|니까|다만|다면|당장|도록|돌리|드리|따르|마지막|말씀|먼저|명확|모두|모르|모시|무슨|물론|보관|부르|분명|사모|사무실|샤워|세요|습니다|아니|아침|안녕하세요|안전|안타깝|얘기|어디|어떻|어서|어야|어요|어젯밤|언제|예요|오늘|으니|으로|으면|을지|이제|이해|잠그|정확히|죄송|지금|지침|착용|찾아보|철저히|최선|충분|카드|하지만|함께|행복|혹시|화장대|확실|훔치,가지|는다고|다고|당하|대화|도난|라고|만약|못하|물어보|불만|사항|설명|세부|예정|요청|제안|주장
131,dev_131,47,12,4,0.0851,0.3333,...|ᆫ가요|ᆸ니다|ᆸ시다|같이|과자|그래서|그렇|나요|너무|네요|누르|느낌|드시|마취|많이|먼저|무슨|문제|별로|뿌리|사랑니|상태|신경|심하|아마|아무|아무것|아프|앞쪽|양치|어금니|어디|어서|어야|어요|어쨌든|엑스레이|예요|이랑|충전|충치|치료|통증|필요|하루|확인,ᆸ니다|가능|다고|발치|사랑니|어야|으며|제안|치아|치통|호소|확인,ᆸ니다|사랑니|어야|확인,...|ᆫ가요|ᆸ시다|같이|과자|그래서|그렇|나요|너무|네요|누르|느낌|드시|마취|많이|먼저|무슨|문제|별로|뿌리|상태|신경|심하|아마|아무|아무것|아프|앞쪽|양치|어금니|어디|어서|어요|어쨌든|엑스레이|예요|이랑|충전|충치|치료|통증|필요|하루,가능|다고|발치|으며|제안|치아|치통|호소
132,dev_132,109,21,15,0.1376,0.7143,green|peace|ᆫ가|ᆫ다|ᆫ지|ᆸ니다|간단히|감사|개인|계속|계획|군요|그곳|그렇|그리고|나요|네요|노력|는군요|는데|다는|다르|단체|당신|대서양|대하|대화|돌아다니|동물|동안|드럼|드리|라고|런던|려는|로서|만들|말씀|먼저|멈추|모든|모시|무슨|물론|바다|반대|반핵|방법|방사|방해|버리|보존|보호|사람|생각|생태|선박|설명|성가시|소리|수십|스튜디오|습니다|시도|시위|실제로|아침|안녕하세요|액션|어떤|어서|어요|에서|여기|여러분|여지|역할|열심히|오늘|운반선|윌슨|으로|을까요|의심|잠시|저희|정말|정치|조직|조직자|종류|주변|준비|중요|지르|지만|지원|참여|최근|최대한|캠페인|투기|폐기물|폭력|피터|행운|환영|활동|훌륭,green|peace|ᆸ니다|구체|대하|라고|반핵|설명|스튜디오|액션|에게|에서|요청|윌슨|이야기|인터뷰|조직자|진행|캠페인|피터|활동,green|peace|ᆸ니다|대하|라고|반핵|설명|스튜디오|액션|에서|윌슨|조직자|캠페인|피터|활동,ᆫ가|ᆫ다|ᆫ지|간단히|감사|개인|계속|계획|군요|그곳|그렇|그리고|나요|네요|노력|는군요|는데|다는|다르|단체|당신|대서양|대화|돌아다니|동물|동안|드럼|드리|런던|려는|로서|만들|말씀|먼저|멈추|모든|모시|무슨|물론|바다|반대|방법|방사|방해|버리|보존|보호|사람|생각|생태|선박|성가시|소리|수십|습니다|시도|시위|실제로|아침|안녕하세요|어떤|어서|어요|여기|여러분|여지|역할|열심히|오늘|운반선|으로|을까요|의심|잠시|저희|정말|정치|조직|종류|주변|준비|중요|지르|지만|지원|참여|최근|최대한|투기|폐기물|폭력|행운|환영|훌륭,구체|에게|요청|이야기|인터뷰|진행
133,dev_133,16,11,5,0.3125,0.4545,ᆫ가|괜찮|넘어지|멍들|며칠|부러지|아니|아직|아프|어서|어제|얼음|에서|의사|지만|혹시,ᆸ니다|넘어지|다고|며칠|보이|부상|심하|아프|얼음|에서|조언,넘어지|며칠|아프|얼음|에서,ᆫ가|괜찮|멍들|부러지|아니|아직|어서|어제|의사|지만|혹시,ᆸ니다|다고|보이|부상|심하|조언
134,dev_134,52,12,9,0.1731,0.75,...|78|8|ᆫ가|ᆯ게요|ᆯ까요|ᆯ로|ᆸ니다|감사|괜찮|국제운전면허증|그것|그리고|나요|달러|대비|동안|드리|렌트|만약|며칠|면허증|모델|무엇|보이|보험|브로셔|사용|선택|세요|섹션|소형|습니다|안녕|양식|어떤|어서|어요|얼마|에서|여기|예요|요금|운전|으로|이거|작성|저희|전면|중형|추가|하루,ᆸ니다|라고|렌트|면허증|보이|보험|소형|에게|요청|운전|전면|추가,ᆸ니다|렌트|면허증|보이|보험|소형|운전|전면|추가,...|78|8|ᆫ가|ᆯ게요|ᆯ까요|ᆯ로|감사|괜찮|국제운전면허증|그것|그리고|나요|달러|대비|동안|드리|만약|며칠|모델|무엇|브로셔|사용|선택|세요|섹션|습니다|안녕|양식|어떤|어서|어요|얼마|에서|여기|예요|요금|으로|이거|작성|저희|중형|하루,라고|에게|요청
135,dev_135,37,13,7,0.1892,0.5385,ᆸ니다|가지|감사|같이|거든|게으르|국제|그런데|그렇|그리고|놀랍|다고|다는|대하|마리아|미안|바르|보다|사람|스페인|실례|어요|얼마|에서|여기|영국|예의|유명|으로|으면|이상|재밌|정말|제발|지만|진정|진지,ᆫ다|기대|다고|다르|바르|보다|사람|언급|영국|예상|예의|정도|진지,다고|바르|보다|사람|영국|예의|진지,ᆸ니다|가지|감사|같이|거든|게으르|국제|그런데|그렇|그리고|놀랍|다는|대하|마리아|미안|스페인|실례|어요|얼마|에서|여기|유명|으로|으면|이상|재밌|정말|제발|지만|진정,ᆫ다|기대|다르|언급|예상|정도
136,dev_136,76,8,2,0.0263,0.25,#dateofbirth|#이에요|#인|...|david|diane|george|mary|mr.|smith|tom|ᆫ다고|감기|걸리|구나|궁금|그냥|그래|그렇|그리고|기뻐하|나누|는데|는지|댄스|드레스|레슨|마지막|모두|목소리|무슨|보내|사랑|새로|생기|생일|선물|세요|쇼핑|쇼핑몰|신발|심각|심하|아니|아르바이트|아빠|아이|안녕|얘기|어떻|어서|어요|엄마|에게|에서|에요|여보세요|여전히|오늘|우리|월급|으니|으로|이번|인상|자동차|잖아요|전하|전화|정말|정비소|지금|지난달|지내|학교|한테,mary|ᆫ다|가족|아버지|안부|에게|으며|통화,mary|에게,#dateofbirth|#이에요|#인|...|david|diane|george|mr.|smith|tom|ᆫ다고|감기|걸리|구나|궁금|그냥|그래|그렇|그리고|기뻐하|나누|는데|는지|댄스|드레스|레슨|마지막|모두|목소리|무슨|보내|사랑|새로|생기|생일|선물|세요|쇼핑|쇼핑몰|신발|심각|심하|아니|아르바이트|아빠|아이|안녕|얘기|어떻|어서|어요|엄마|에서|에요|여보세요|여전히|오늘|우리|월급|으니|으로|이번|인상|자동차|잖아요|전하|전화|정말|정비소|지금|지난달|지내|학교|한테,ᆫ다|가족|아버지|안부|으며|통화
137,dev_137,47,9,3,0.0638,0.3333,ᆫ가|ᆫ대|ᆯ까|가능|거나|걱정|건물|그냥|그렇|기사|놓치|다던데|다시|다치|닫히|대단|들어가|따르|라고|만약|매년|목숨|목욕|물가|미국|번개|사용|생각|샤워|센터|수백|수천|신문|에서|오늘|으로|이나|이런|일으키|전기|정말|천둥|최대한|피하|합리|행동|화재,대하|번개|사항|어야|이야기|주의|천둥|취하|행동,번개|천둥|행동,ᆫ가|ᆫ대|ᆯ까|가능|거나|걱정|건물|그냥|그렇|기사|놓치|다던데|다시|다치|닫히|대단|들어가|따르|라고|만약|매년|목숨|목욕|물가|미국|사용|생각|샤워|센터|수백|수천|신문|에서|오늘|으로|이나|이런|일으키|전기|정말|최대한|피하|합리|화재,대하|사항|어야|이야기|주의|취하
138,dev_138,63,14,7,0.1111,0.5,ucy.|ᆯ게|ᆯ까|ᆸ니다|가지|감사|거든요|계세|공대|공부|괜찮|구나|구하|그것|그래|그러|그렇|그리고|기꺼이|기록|내년|는데|다른|대하|도와주|드리|들어오|라고|문제|물론|바래|번거롭|부모|부탁|생각|선생|수학|아니|아주|아침|안녕하세요|안녕히|얘기|어디|어서|어요|어쨌든|여기|예요|으시|은데|을까요|이미|작년|잠깐|전혀|정말|조언|지원|추천서|하지만|한테|행운,lucy|ᆸ니다|공대|공부|그녀|기록|동의|보이|부탁|에게|예정|자신|지원|추천서,ᆸ니다|공대|공부|기록|부탁|지원|추천서,ucy.|ᆯ게|ᆯ까|가지|감사|거든요|계세|괜찮|구나|구하|그것|그래|그러|그렇|그리고|기꺼이|내년|는데|다른|대하|도와주|드리|들어오|라고|문제|물론|바래|번거롭|부모|생각|선생|수학|아니|아주|아침|안녕하세요|안녕히|얘기|어디|어서|어요|어쨌든|여기|예요|으시|은데|을까요|이미|작년|잠깐|전혀|정말|조언|하지만|한테|행운,lucy|그녀|동의|보이|에게|예정|자신
139,dev_139,65,18,11,0.1692,0.6111,...|35|ali|lse|middlesex|ᆯ게요|가난|가족|거든요|검사|경영학|고맙|공부|과정|관계|국제|그것|그럼|기다리|깜빡|나요|네요|당신|대기|대학교|드시|때문|라고|런던|려고|면서|물려받|베이징|보안|부모|부자|사람|사실|사업|상황|생각|석사|세요|아버지|안녕|어서|어요|에서|오랫동안|옮기|으라고|으시|은데|음료|이름|자리|잠시|정말|죄송|지연|철학|출발|카트|콜라|흥미,lse|middlesex|ᆸ니다|경영학|공부|과정|관계|국제|대하|런던|비행기|석사|에서|으로|이야기|이유|자리|학교,lse|middlesex|경영학|공부|과정|관계|국제|런던|석사|에서|자리,...|35|ali|ᆯ게요|가난|가족|거든요|검사|고맙|그것|그럼|기다리|깜빡|나요|네요|당신|대기|대학교|드시|때문|라고|려고|면서|물려받|베이징|보안|부모|부자|사람|사실|사업|상황|생각|세요|아버지|안녕|어서|어요|오랫동안|옮기|으라고|으시|은데|음료|이름|잠시|정말|죄송|지연|철학|출발|카트|콜라|흥미,ᆸ니다|대하|비행기|으로|이야기|이유|학교
140,dev_140,23,7,2,0.087,0.2857,ᆯ까|가게|가능|그런|그렇|니까|닫히|도착|몇몇|모든|분명히|아니|어서|에서|여름|열리|영국|외투|우리|은행|일요일|필요|하지만,ᆫ다|날씨|논의|대하|도착|상황|영국,도착|영국,ᆯ까|가게|가능|그런|그렇|니까|닫히|몇몇|모든|분명히|아니|어서|에서|여름|열리|외투|우리|은행|일요일|필요|하지만,ᆫ다|날씨|논의|대하|상황
141,dev_141,61,11,8,0.1311,0.7273,1|12|3|30|4|51|ᆯ까|같이|거의|걸리|고대|관심|괜찮|국립|그거|그런|그렇|그리스|그림|근데|내일|너무|니까|다니|대하|려고|려면|로마|만나|모두|미술|미술관|바로|버스|별로|생각|수업|시간|아니|아마|애호가|어렵|에서|열리|열정|이나|이해|일찍|전시|전시회|점심|정류장|조각|좋아하|진짜|추상|취향|특히|학교|한두|한테,ᆫ다|고대|관심|그리스|그림|로마|미술|보다|전시회|조각|함께,고대|관심|그리스|그림|로마|미술|전시회|조각,1|12|3|30|4|51|ᆯ까|같이|거의|걸리|괜찮|국립|그거|그런|그렇|근데|내일|너무|니까|다니|대하|려고|려면|만나|모두|미술관|바로|버스|별로|생각|수업|시간|아니|아마|애호가|어렵|에서|열리|열정|이나|이해|일찍|전시|점심|정류장|좋아하|진짜|추상|취향|특히|학교|한두|한테,ᆫ다|보다|함께
142,dev_142,17,6,3,0.1765,0.5,가끔|갇히|교통|그런데|끝내|시간|에서|오늘|이쯤|일찍|장거리|저녁|정말|체증|출퇴근|혼잡|힘들,ᆫ다|교통|러시아워|싫어하|저녁|체증,교통|저녁|체증,가끔|갇히|그런데|끝내|시간|에서|오늘|이쯤|일찍|장거리|정말|출퇴근|혼잡|힘들,ᆫ다|러시아워|싫어하
143,dev_143,29,5,3,0.1034,0.6,ᆯ게요|같이|고기|고맙|과일|는지|돼지고기|만두|무엇|배추|사람|슈퍼마켓|스트리트|어디|어요|에요|여기|예요|요리|재료|저쪽|정말|중국|채소|카트|켄징턴|코너|필요|하나,습니다|에게|요리|재료|중국,요리|재료|중국,ᆯ게요|같이|고기|고맙|과일|는지|돼지고기|만두|무엇|배추|사람|슈퍼마켓|스트리트|어디|어요|에요|여기|예요|저쪽|정말|채소|카트|켄징턴|코너|필요|하나,습니다|에게
144,dev_144,50,7,5,0.1,0.7143,10|11|30|5|ᆫ데|ᆯ게요|ᆸ니다|가능|가장|감사|괜찮|교통|기차|나오|나요|놓치|막히|맞추|못하|비교|속도|습니다|시간|어느|어서|어야|어요|얼마나|에요|여기|예상|왼쪽|요금|유로|으니까요|으로|으면|으세요|을까요|일반|저기|절약|정각|정도|정말|지금|지만|직진|체증|추가,5|따르|막히|습니다|유로|제안|추가,5|막히|습니다|유로|추가,10|11|30|ᆫ데|ᆯ게요|ᆸ니다|가능|가장|감사|괜찮|교통|기차|나오|나요|놓치|맞추|못하|비교|속도|시간|어느|어서|어야|어요|얼마나|에요|여기|예상|왼쪽|요금|으니까요|으로|으면|으세요|을까요|일반|저기|절약|정각|정도|정말|지금|지만|직진|체증,따르|제안
145,dev_145,38,9,4,0.1053,0.4444,2|3|ike.|ᆯ지|각각|계림|고민|난징|너무|는데|다른|다시|다음|도시|동안|떠나|마지막|만나|머무르|반갑|방문|베이징|보내|상하이|아내|아름답|어떻|어서|어야|었었|여행|으로|인상|정말|중국|지난달|지내|함께,mike|ᆸ니다|아내|에게|여행|이야기|중국|즐거움|함께,아내|여행|중국|함께,2|3|ike.|ᆯ지|각각|계림|고민|난징|너무|는데|다른|다시|다음|도시|동안|떠나|마지막|만나|머무르|반갑|방문|베이징|보내|상하이|아름답|어떻|어서|어야|었었|으로|인상|정말|지난달|지내,mike|ᆸ니다|에게|이야기|즐거움
146,dev_146,53,10,4,0.0755,0.4,1|2|3|30|6|7|jerry|rah.|ryan|sa|ᆸ니다|감사|경기|관중|기록|넘기|는지|마무리|멕시코|보고서|세계|소비자|스포츠|습니다|승부|시키|아르헨티나|아이티|아주|안녕하세요|알아보|앞서|어떤|에게|에서|여기|여러분|열광|오늘|위하|으로|으며|이기|이제|이탈리아|일어나|진행|축구|캐나다|프랑스|하루|현재|흥미진진하,ᆸ니다|대하|라고|세계|시청자|에게|요청|이벤트|전하|축구,ᆸ니다|세계|에게|축구,1|2|3|30|6|7|jerry|rah.|ryan|sa|감사|경기|관중|기록|넘기|는지|마무리|멕시코|보고서|소비자|스포츠|습니다|승부|시키|아르헨티나|아이티|아주|안녕하세요|알아보|앞서|어떤|에서|여기|여러분|열광|오늘|위하|으로|으며|이기|이제|이탈리아|일어나|진행|캐나다|프랑스|하루|현재|흥미진진하,대하|라고|시청자|요청|이벤트|전하
147,dev_147,77,9,8,0.1039,0.8889,4|5|7|holidays|sunny|tour|ᆫ가|ᆸ니다|가지|감사|거든요|공항|관하|그래서|그런데|근처|글쎄요|기대|나요|너무|답니다|당신|대하|덕분|도착|떠나|라싸에|렌탈|말씀|매년|먼저|물론|바로|비행기|새벽|생각|설문|스럽|습니다|시간|식사|실망|아침|안녕하세요|어떻|어렵|어서|어요|얼마나|에게|에서|여행|예약|우리|인터뷰|정말|제시간|조금|조사|준비|중요|지금|지만|지연|진행|질문|차량|최근|최소한|출발|통하|포탈라|플랫폼|피곤|항상|호텔|휴가,ᆸ니다|대하|에게|여행|인터뷰|준비|태도|호텔|휴가,ᆸ니다|대하|에게|여행|인터뷰|준비|호텔|휴가,4|5|7|holidays|sunny|tour|ᆫ가|가지|감사|거든요|공항|관하|그래서|그런데|근처|글쎄요|기대|나요|너무|답니다|당신|덕분|도착|떠나|라싸에|렌탈|말씀|매년|먼저|물론|바로|비행기|새벽|생각|설문|스럽|습니다|시간|식사|실망|아침|안녕하세요|어떻|어렵|어서|어요|얼마나|에서|예약|우리|정말|제시간|조금|조사|중요|지금|지만|지연|진행|질문|차량|최근|최소한|출발|통하|포탈라|플랫폼|피곤|항상,태도
148,dev_148,71,14,7,0.0986,0.5,20|4|ill.|ᆫ지|갑자기|강력|결국|계속|구나|그래서|그럼|그렇|기술|깨닫|나쁘|날씨|내리|누구|뉘른베르크|느끼|는구나|다가|다는|다리|다시|덕분|등산|등산화|디자인|때문|만들|많이|물론|병원|보내|보다|불편|사실|사용|상황|새롭|스스로|스프링|신체|아무것|아프|안녕|어도|어떻|어서|어야|에서|영하|오르|우리|움직이|으니까|으로|음식|의사|이거|장비|절단|정말|지내|추위|필요|하지만|현대|활동|훨씬,bill|ᆸ니다|끔찍하|다고|다리|다시|등산|만들|사고|새롭|에게|에서|절단|지만,다리|다시|등산|만들|새롭|에서|절단,20|4|ill.|ᆫ지|갑자기|강력|결국|계속|구나|그래서|그럼|그렇|기술|깨닫|나쁘|날씨|내리|누구|뉘른베르크|느끼|는구나|다가|다는|덕분|등산화|디자인|때문|많이|물론|병원|보내|보다|불편|사실|사용|상황|스스로|스프링|신체|아무것|아프|안녕|어도|어떻|어서|어야|영하|오르|우리|움직이|으니까|으로|음식|의사|이거|장비|정말|지내|추위|필요|하지만|현대|활동|훨씬,bill|ᆸ니다|끔찍하|다고|사고|에게|지만
149,dev_149,38,8,2,0.0526,0.25,4|ᆯ게요|ᆸ니다|가지|감사|그러면|나요|는데|다양|달콤하|드리|드시|메뉴|무료|세요|스타일|쓰촨|아니요|안녕|안녕하세요|어다|어요|여기|요리|으로|으세요|음식|이쪽|저희|전망|제공|조금|주스|중국|창가|테이블|필요|후난,맞추|방문|습니다|요리|음식점|입맛|중국|추천,요리|중국,4|ᆯ게요|ᆸ니다|가지|감사|그러면|나요|는데|다양|달콤하|드리|드시|메뉴|무료|세요|스타일|쓰촨|아니요|안녕|안녕하세요|어다|어요|여기|으로|으세요|음식|이쪽|저희|전망|제공|조금|주스|창가|테이블|필요|후난,맞추|방문|습니다|음식점|입맛|추천
150,dev_150,49,8,6,0.1224,0.75,...|ᆫ가|ᆯ까요|ᆸ니다|괜찮|그래서|그래요|그런데|그럼|그렇|나요|나중|너무|네요|다시|당연|드리|들어가|들어오|때문|마음|많이|말씀|무섭|물론|바쁘|부서|사무실|사실|선생|세요|솔직히|신청|아직|어도|어떤|어떻|어렵|어서요|어요|옮기|으세요|을까요|이유|이제|전근|지금|지만|직원,ᆸ니다|선생|설명|솔직히|신청|이유|전근|지지,ᆸ니다|선생|솔직히|신청|이유|전근,...|ᆫ가|ᆯ까요|괜찮|그래서|그래요|그런데|그럼|그렇|나요|나중|너무|네요|다시|당연|드리|들어가|들어오|때문|마음|많이|말씀|무섭|물론|바쁘|부서|사무실|사실|세요|아직|어도|어떤|어떻|어렵|어서요|어요|옮기|으세요|을까요|이제|지금|지만|직원,설명|지지
151,dev_151,59,15,15,0.2542,1.0,#phonenumber|#입니다|14|17|308|4|john|michelle|sandals|ᆫ가|ᆫ가요|ᆸ니다|가격|감사|괜찮|금연|금요일|기대|까지|나요|뉴욕|는데|다음|말씀|며칠|문제없|물론|방문|부터|사이즈|성함|세요|습니다|안녕하세요|어느|어요|언제|얼마|에서|예약|예정|오르|원하|월요일|으로|으세요|으시|이름|이제|입력|전화번호|질문|최근|침대|컴퓨터|필요|하룻밤|호텔|흡연,14|17|4|john|michelle|sandals|금연|까지|뉴욕|방문|부터|사이즈|습니다|예약|침대,14|17|4|john|michelle|sandals|금연|까지|뉴욕|방문|부터|사이즈|습니다|예약|침대,#phonenumber|#입니다|308|ᆫ가|ᆫ가요|ᆸ니다|가격|감사|괜찮|금요일|기대|나요|는데|다음|말씀|며칠|문제없|물론|성함|세요|안녕하세요|어느|어요|언제|얼마|에서|예정|오르|원하|월요일|으로|으세요|으시|이름|이제|입력|전화번호|질문|최근|컴퓨터|필요|하룻밤|호텔|흡연,
152,dev_152,49,10,7,0.1429,0.7,ᆫ지|ᆯ게요|ᆯ수록|ᆸ니다|가능|계산|계좌|고정|구매|그리고|기간|나요|납부|네요|는데|다르|다면|다시|드리|들어가|때문|매년|모로|배당|배당금|보험료|복리|설명|세요|안녕|안녕하세요|어떻|어르신|어서|어요|에요|여기|여러|예금|으로|은행|이랑|이미|이자|자동|저희|증권|참여|편리,ᆸ니다|구매|방법|배당|배당금|설명|에게|예금|차이점|참여,ᆸ니다|구매|배당|배당금|설명|예금|참여,ᆫ지|ᆯ게요|ᆯ수록|가능|계산|계좌|고정|그리고|기간|나요|납부|네요|는데|다르|다면|다시|드리|들어가|때문|매년|모로|보험료|복리|세요|안녕|안녕하세요|어떻|어르신|어서|어요|에요|여기|여러|으로|은행|이랑|이미|이자|자동|저희|증권|편리,방법|에게|차이점
153,dev_153,30,11,5,0.1667,0.4545,1050|850|ᆫ가|ᆸ니다|고려|그거|그것|그렇|금액|나요|너무|네요|다시|달러|부족|비싸|생각|선택|세요|아파트|어떻|어요|얼마|에요|이것|임대|임대료|제안|최대|최종,ᆸ니다|금액|대하|못하|아파트|이르|임대|임대료|지만|합의|협상,ᆸ니다|금액|아파트|임대|임대료,1050|850|ᆫ가|고려|그거|그것|그렇|나요|너무|네요|다시|달러|부족|비싸|생각|선택|세요|어떻|어요|얼마|에요|이것|제안|최대|최종,대하|못하|이르|지만|합의|협상
154,dev_154,40,14,8,0.2,0.5714,가지|감수|같이|계획|관심|그거|그것|그럼|모으|사람|사무실|사스|생각|세우|아직|어서|어야|에서|여러|여유|오히려|요즘|우리|운동|위험|유지|으니|으니까|이제|잖아|전염병|제대로|종일|체력|출장|취소|통제|하루|홍콩|회사,ᆸ니다|결심|그것|동의|때문|라고|사스|생각|습니다|운동|전염병|출장|취소|홍콩,그것|사스|생각|운동|전염병|출장|취소|홍콩,가지|감수|같이|계획|관심|그거|그럼|모으|사람|사무실|세우|아직|어서|어야|에서|여러|여유|오히려|요즘|우리|위험|유지|으니|으니까|이제|잖아|제대로|종일|체력|통제|하루|회사,ᆸ니다|결심|동의|때문|라고|습니다
155,dev_155,25,11,2,0.08,0.1818,30|그것|그러|날씨|는데|니까|대중교통|동의|버스|벌써|빨리|시간|어야|에서|오늘|완전|우리|으면|이런저런|정류장|정말|진짜|최악|출근|하나,ᆸ니다|구입|기다리|느끼|동의|버스|불편|습니다|오래|의견|자는,동의|버스,30|그것|그러|날씨|는데|니까|대중교통|벌써|빨리|시간|어야|에서|오늘|완전|우리|으면|이런저런|정류장|정말|진짜|최악|출근|하나,ᆸ니다|구입|기다리|느끼|불편|습니다|오래|의견|자는
156,dev_156,64,14,13,0.2031,0.9286,4|ᆫ가|ᆫ다|ᆯ걸|가격|가지|개월|거의|과장|광저우|그것|그냥|그때|그래|그러|그런|그렇|나아지|느끼|는데|다고|다니|다니까|당연|대충|대화|더니|더라|던데|들리|많이|별로|빠르|사람|생각|신경|싸우|아니|어디|얼마나|여기|여자|완전|우리|웃기|잖아|점원|점점|정도|정말|중국|중국어|지금|진짜|처럼|처음|친구|평범|하나|하지만|한테|핸드폰|흔하|흥정,ᆫ다|ᆫ다고|과장|느끼|다고|들리|생각|싸우|여자|점원|중국어|처럼|친구|흥정,ᆫ다|과장|느끼|다고|들리|생각|싸우|여자|점원|중국어|처럼|친구|흥정,4|ᆫ가|ᆯ걸|가격|가지|개월|거의|광저우|그것|그냥|그때|그래|그러|그런|그렇|나아지|는데|다니|다니까|당연|대충|대화|더니|더라|던데|많이|별로|빠르|사람|신경|아니|어디|얼마나|여기|완전|우리|웃기|잖아|점점|정도|정말|중국|지금|진짜|처음|평범|하나|하지만|한테|핸드폰|흔하,ᆫ다고
157,dev_157,44,15,7,0.1591,0.4667,...|100|100%|ᆫ데|가게|가지|거기|거의|고민|그래|나시|너무|는지|라고|라는|려고|매일|먼저|바꾸|보이|본성|빠지|사실|사이즈|생각|쇼핑|신발|어서|어야|언제나|에서|여자|영수증|예쁘|오늘|옷장|을지|잖아|정말|제도|좋아하|중독|하나|한테,ᆸ니다|고민|교환|나시|대하|려고|매일|상기|습니다|시키|신발|어서|영수증|챙기|체념,고민|나시|려고|매일|신발|어서|영수증,...|100|100%|ᆫ데|가게|가지|거기|거의|그래|너무|는지|라고|라는|먼저|바꾸|보이|본성|빠지|사실|사이즈|생각|쇼핑|어야|언제나|에서|여자|예쁘|오늘|옷장|을지|잖아|정말|제도|좋아하|중독|하나|한테,ᆸ니다|교환|대하|상기|습니다|시키|챙기|체념
158,dev_158,28,9,8,0.2857,0.8889,allan|parker|phyllis|seymour|ᆸ니다|감사|그것|그래도|네요|다는|당신|드리|려고|말씀|붙잡|상사|세요|안녕|안녕하세요|어서|어요|에게|열심히|으라고|전화|정말|지난주|하지만,allan|parker|phyllis|seymour|ᆸ니다|감사|에게|위하|전화,allan|parker|phyllis|seymour|ᆸ니다|감사|에게|전화,그것|그래도|네요|다는|당신|드리|려고|말씀|붙잡|상사|세요|안녕|안녕하세요|어서|어요|열심히|으라고|정말|지난주|하지만,위하
159,dev_159,36,5,3,0.0833,0.6,1|10|1000|400|ᆫ데|고맙|구나|그것|그렇|그리고|길이|나노미터|는데|단위|대하|두께|들어가|마일|머리카락|미터|보다|사람|상상|설명|얼마나|요즘|원자|은지|이해|인치|자면|자주|정도|정확히|크기|해당,ᆫ다|개념|나노미터|설명|이해,나노미터|설명|이해,1|10|1000|400|ᆫ데|고맙|구나|그것|그렇|그리고|길이|는데|단위|대하|두께|들어가|마일|머리카락|미터|보다|사람|상상|얼마나|요즘|원자|은지|인치|자면|자주|정도|정확히|크기|해당,ᆫ다|개념
160,dev_160,53,17,12,0.2264,0.7059,dj|ᆫ다고|ᆫ데|ᆯ걸|ᆯ로|ᆯ지|가능|거든|그거|기타리스트|나오|는데|니까|다면|댄스|던데|드럼|라고|록앤롤|만들|많이|모르|믹싱|방법|밴드|비싸|생각|아마|악기|어서|어야|에서|연습|연주|요즘|으니까|으로|을지|음악|이미|인터넷|자기|잖아|정도|정말|정보|좋아하|컴퓨터|프로그램|필요|한동안|한테|훌륭,dj|ᆫ다|댄스|드럼|라고|모르|믹싱|시도|악기|에게|연주|음악|제안|좋아하|지만|컴퓨터|한동안,dj|댄스|드럼|라고|모르|믹싱|악기|연주|음악|좋아하|컴퓨터|한동안,ᆫ다고|ᆫ데|ᆯ걸|ᆯ로|ᆯ지|가능|거든|그거|기타리스트|나오|는데|니까|다면|던데|록앤롤|만들|많이|방법|밴드|비싸|생각|아마|어서|어야|에서|연습|요즘|으니까|으로|을지|이미|인터넷|자기|잖아|정도|정말|정보|프로그램|필요|한테|훌륭,ᆫ다|시도|에게|제안|지만
161,dev_161,44,9,5,0.1136,0.5556,1|ᆫ가요|ᆫ데|가지|계획|괜찮|교재|그거|그러면|그럼|근처|나중|는지|담당자|만나|모르|목록|바꾸|보내|사용|서점|세요|수업|아뇨|아니|아니요|어디|어떻|어서|어야|어요|에게|에서|에요|오늘|왼쪽|우선|으로|입구|정말|지나|체육관|필요|하루,ᆸ니다|교재|구매|바꾸|방법|사용|설명|에게|으로,교재|바꾸|사용|에게|으로,1|ᆫ가요|ᆫ데|가지|계획|괜찮|그거|그러면|그럼|근처|나중|는지|담당자|만나|모르|목록|보내|서점|세요|수업|아뇨|아니|아니요|어디|어떻|어서|어야|어요|에서|에요|오늘|왼쪽|우선|입구|정말|지나|체육관|필요|하루,ᆸ니다|구매|방법|설명
162,dev_162,21,9,7,0.3333,0.7778,ᆫ가|ᆯ게|경고|그거|그래|그럼|다고|다음|다치|려고|몸조심|스카이다이빙|얘기|어서|엄청|월요일|위험|으면|이번|재밌|주말,ᆫ다|경고|그것|다고|려고|스카이다이빙|위험|이번|주말,경고|다고|려고|스카이다이빙|위험|이번|주말,ᆫ가|ᆯ게|그거|그래|그럼|다음|다치|몸조심|얘기|어서|엄청|월요일|으면|재밌,ᆫ다|그것
163,dev_163,70,21,14,0.2,0.6667,가끔|거든|골칫덩이|공평|그거|그것|그냥|그렇|까지|나쁘|너희|는데|는지|다면|대하|뒤집어씌우|딱히|라도|려고|려면|매니저|머리|모르|무슨|발견|방해|버티|별로|보고서|보이|부서|부터|분명히|사람|사이|상사|생각|성공|솔직히|승진|실수|심하|얘기|어도|어떻|어야|에밀리|에서|오늘|원래|월간|으려고|으면|은데|이런|전혀|정말|정말로|정직|지만|진짜|쭈뼛쭈뼛|최악|특히|하루|한테|해고|행동|현명|회사,ᆫ다|공평|까지|나쁘|다고|대하|뒤집어씌우|매니저|모두|보내|생각|승진|실수|에게|에밀리|이야기|자신|지만|특히|하루|현명,공평|까지|나쁘|대하|뒤집어씌우|매니저|생각|승진|실수|에밀리|지만|특히|하루|현명,가끔|거든|골칫덩이|그거|그것|그냥|그렇|너희|는데|는지|다면|딱히|라도|려고|려면|머리|모르|무슨|발견|방해|버티|별로|보고서|보이|부서|부터|분명히|사람|사이|상사|성공|솔직히|심하|얘기|어도|어떻|어야|에서|오늘|원래|월간|으려고|으면|은데|이런|전혀|정말|정말로|정직|진짜|쭈뼛쭈뼛|최악|한테|해고|행동|회사,ᆫ다|다고|모두|보내|에게|이야기|자신
164,dev_164,40,6,3,0.075,0.5,ᆫ가|ᆫ가요|ᆯ까요|감사|감염|검사|그냥|들어가|무슨|바늘|방금|백혈구|선생|세요|소매|수치|아프|압박|어떤|어서|어요|얼마나|에요|왼쪽|으러|으시|을게요|의사|의심|이상|전부|정도|정맥|정보|조금|주로|찔리|채우|튜브|필요,ᆸ니다|백혈구|수치|의사|채취|확인,백혈구|수치|의사,ᆫ가|ᆫ가요|ᆯ까요|감사|감염|검사|그냥|들어가|무슨|바늘|방금|선생|세요|소매|아프|압박|어떤|어서|어요|얼마나|에요|왼쪽|으러|으시|을게요|의심|이상|전부|정도|정맥|정보|조금|주로|찔리|채우|튜브|필요,ᆸ니다|채취|확인
165,dev_165,17,11,5,0.2941,0.4545,ᆫ데|ᆯ게요|가슴|고맙|나요|네요|디자인|부담|색상|스럽|아니|아쉽|어서|어요|천만에요|포켓|하나,ᆸ니다|가슴|다고|동일|디자인|색상|제공|지만|특정|포켓|하나,가슴|디자인|색상|포켓|하나,ᆫ데|ᆯ게요|고맙|나요|네요|부담|스럽|아니|아쉽|어서|어요|천만에요,ᆸ니다|다고|동일|제공|지만|특정
166,dev_166,23,8,5,0.2174,0.625,ᆯ까요|ᆯ지|ᆸ니다|가져다주|그리고|나요|드리|모든|모르|보이|브이넥|세요|스웨터|스타일|아직|어떤|어요|여기|오버|카울넥|크루넥|터틀넥|풀오버,ᆸ니다|라고|모든|보이|스타일|에게|오버|요청,ᆸ니다|모든|보이|스타일|오버,ᆯ까요|ᆯ지|가져다주|그리고|나요|드리|모르|브이넥|세요|스웨터|아직|어떤|어요|여기|카울넥|크루넥|터틀넥|풀오버,라고|에게|요청
167,dev_167,59,8,6,0.1017,0.75,"3|3,000|5,000|ᆫ가|ᆯ게요|ᆸ니다|감사|개월|궁금|기간|기회|나요|나중|네요|누구|당신|대하|드리|따르|라고|만족|맡기|매니저|보고|복리|부서|사람|성과|수락|수습|습니다|아주|어떻|어야|어요|얼마|업무|에게|에서|에요|월급|위안|으세요|의향서|이제|인상|일자리|작성|점검|제공|제안|중요|지금|총괄|함께|해외|후생|휴일|희망",ᆸ니다|가지|대하|만족|업무|월급|제안|질문,ᆸ니다|대하|만족|업무|월급|제안,"3|3,000|5,000|ᆫ가|ᆯ게요|감사|개월|궁금|기간|기회|나요|나중|네요|누구|당신|드리|따르|라고|맡기|매니저|보고|복리|부서|사람|성과|수락|수습|습니다|아주|어떻|어야|어요|얼마|에게|에서|에요|위안|으세요|의향서|이제|인상|일자리|작성|점검|제공|중요|지금|총괄|함께|해외|후생|휴일|희망",가지|질문
168,dev_168,24,9,7,0.2917,0.7778,가족|그냥|마음|모르|벗어나|보이|생각|선물|시간|아니|아직|어떤|어서|우리|위하|의미|이번|이해|잖아|정말로|주고받|준비|크리스마스|특별,ᆫ다|가족|계획|선물|위하|의미|이번|크리스마스|특별,가족|선물|위하|의미|이번|크리스마스|특별,그냥|마음|모르|벗어나|보이|생각|시간|아니|아직|어떤|어서|우리|이해|잖아|정말로|주고받|준비,ᆫ다|계획
169,dev_169,21,6,2,0.0952,0.3333,15|그냥|그럭저럭|그럼|근데|기다리|기름값|까지|내리|대통령|똑똑|려구|버스|보통|어떻|오래|완전|우리|운전|자주|지내,기름값|때문|버스|습니다|이용|최근,기름값|버스,15|그냥|그럭저럭|그럼|근데|기다리|까지|내리|대통령|똑똑|려구|보통|어떻|오래|완전|우리|운전|자주|지내,때문|습니다|이용|최근
170,dev_170,47,18,10,0.2128,0.5556,dayton|liz|street|tom|ᆫ데|거기|거든|그거|그럼|나머지|늘리|다수|대하|도와주|마다|매주|모니터|모든|목요일|무슨|문제|물론|발표|방법|사무실|세팅|수요일|시간|아니|아침|어야|에서|여기|우리|웹사이트|이야기|잠깐|주제|준비|지점장|직원|통하|특별히|판매|필요|화요일|화이트보드,dayton|liz|street|ᆫ다|ᆫ지|는다|동의|라고|목요일|무엇|발표|사무실|아침|에게|에서|요청|준비|필요,dayton|liz|street|목요일|발표|사무실|아침|에서|준비|필요,tom|ᆫ데|거기|거든|그거|그럼|나머지|늘리|다수|대하|도와주|마다|매주|모니터|모든|무슨|문제|물론|방법|세팅|수요일|시간|아니|어야|여기|우리|웹사이트|이야기|잠깐|주제|지점장|직원|통하|특별히|판매|화요일|화이트보드,ᆫ다|ᆫ지|는다|동의|라고|무엇|에게|요청
171,dev_171,59,15,11,0.1864,0.7333,"20,000|rmb|ᆫ가|ᆸ니다|가능|가지|개조|거주|결정|괜찮|그것|그럼|그리고|급여|까지|나요|네요|는데|다면|대출|덕분|도움|등급|라고|려고|말씀|물론|새로|서류|서명|선생|세요|소비자|소액|습니다|신용|아파트|알리|어서|어야|어요|얼마|여기|원하|유동|유형|으면|이미|이유|인테리어|자료|정도|정보|죄송|중고|직업|최대|필요|허가증","20,000|rmb|ᆸ니다|가능|금액|대출|라고|소비자|소액|수리|수용|아파트|원하|위하|최대","20,000|rmb|ᆸ니다|가능|대출|라고|소비자|소액|아파트|원하|최대",ᆫ가|가지|개조|거주|결정|괜찮|그것|그럼|그리고|급여|까지|나요|네요|는데|다면|덕분|도움|등급|려고|말씀|물론|새로|서류|서명|선생|세요|습니다|신용|알리|어서|어야|어요|얼마|여기|유동|유형|으면|이미|이유|인테리어|자료|정도|정보|죄송|중고|직업|필요|허가증,금액|수리|수용|위하
172,dev_172,107,19,12,0.1121,0.6316,1|2|68|ᆫ가|ᆫ지|ᆸ니다|가지|간호|간호사|강점|개방|거나|거든요|건강|검진|경험|괜찮|교육|그거|그리|그리고|그림|나오|나요|날아가|는데|다고|다르|다른|도록|동안|따뜻|때로|라고|마음|말씀|못하|무엇|무척|문제|미터|병원|보내|비행|사람|상상|상태|생각|서비스|선택|설명|성격|세요|센티미터|손짓|솔직히|습니다|승객|승무원|시간|시도|시력|아주|약점|어떻|어려움|어렵|어리|어요|언어|언젠가|얼마|에서|여행|영어|예요|유창|으시|의사소통|이나|이루|이제|이해|인증서|자신|전혀|정말|제공|종합|좋아하|주되|중등|중요|즐겁|즐기|지난달|직업|책임|최대한|친절|태도|편안|푸르|하늘|하지만|함께|현재,ᆸ니다|간호|강점|건강|경험|동기|면접|상태|습니다|승무원|시력|실력|약점|에게|영어|위하|직업|진행|질문,ᆸ니다|간호|강점|건강|경험|상태|습니다|승무원|시력|약점|영어|직업,1|2|68|ᆫ가|ᆫ지|가지|간호사|개방|거나|거든요|검진|괜찮|교육|그거|그리|그리고|그림|나오|나요|날아가|는데|다고|다르|다른|도록|동안|따뜻|때로|라고|마음|말씀|못하|무엇|무척|문제|미터|병원|보내|비행|사람|상상|생각|서비스|선택|설명|성격|세요|센티미터|손짓|솔직히|승객|시간|시도|아주|어떻|어려움|어렵|어리|어요|언어|언젠가|얼마|에서|여행|예요|유창|으시|의사소통|이나|이루|이제|이해|인증서|자신|전혀|정말|제공|종합|좋아하|주되|중등|중요|즐겁|즐기|지난달|책임|최대한|친절|태도|편안|푸르|하늘|하지만|함께|현재,동기|면접|실력|에게|위하|진행|질문
173,dev_173,30,13,7,0.2333,0.5385,2|ibm|vicky|가지|강점|나요|네요|다른|대학|도전|많이|배우|비서|사람|어떤|어떻|어요|어울리|얼마나|에서|에요|우리|좋아하|중요|지금|직업|직책|팀워크|함께|항상,2|ibm|vicky|ᆸ니다|다고|동안|배우|비서|에게|에서|으며|즐기|팀워크,2|ibm|vicky|배우|비서|에서|팀워크,가지|강점|나요|네요|다른|대학|도전|많이|사람|어떤|어떻|어요|어울리|얼마나|에요|우리|좋아하|중요|지금|직업|직책|함께|항상,ᆸ니다|다고|동안|에게|으며|즐기
174,dev_174,59,26,17,0.2881,0.6538,ᆫ가|가깝|가장|같이|그래서|그만두|나누|넘치|다고|다른|도움|라고|만나|무어|부르|사람|생각|성격|순간|싫어하|아니|어기|어떤|어려움|어렵|어서|어울리|에너지|열정|예전|외향|우리|원칙|위하|으로|을수록|이랑|이야기|자주|잖아|접근|정말|정직|준비|중간|중요|즐기|진실|처하|친구|필요|학급|함께|항상|행복|헌신|혼자|활동|힘들,ᆫ다|가깝|거나|관계|넘치|느끼|다고|라고|본인|사람|선호|소중히|어기|어렵|에너지|여기|외향|원칙|정직|중요|진실|친구|평가|함께|헌신|활동,가깝|넘치|다고|라고|사람|어기|어렵|에너지|외향|원칙|정직|중요|진실|친구|함께|헌신|활동,ᆫ가|가장|같이|그래서|그만두|나누|다른|도움|만나|무어|부르|생각|성격|순간|싫어하|아니|어떤|어려움|어서|어울리|열정|예전|우리|위하|으로|을수록|이랑|이야기|자주|잖아|접근|정말|준비|중간|즐기|처하|필요|학급|항상|행복|혼자|힘들,ᆫ다|거나|관계|느끼|본인|선호|소중히|여기|평가
175,dev_175,56,14,11,0.1964,0.7857,12|ᆫ다고|개인|그래|긍정|낯설|너무|는데|대응|대하|대화|더라|든지|라면|만족|매니저|면서|무슨|민망|방해|분위기|사람|사무실|상황|생각|스럽|심하|아마|아침|얘기|어떤|어떻|어서|어야|어쨌든|업무|없이|에게|에서|엘리베이터|오늘|우리|으로|이유|전혀|정말|중요|직원|질책|창피|특히|편안|해결책|현명|호되|회사,ᆫ다|개인|긍정|논의|다고|대하|대화|만족|매니저|업무|으로|중요|직원|해결책,개인|긍정|대하|대화|만족|매니저|업무|으로|중요|직원|해결책,12|ᆫ다고|그래|낯설|너무|는데|대응|더라|든지|라면|면서|무슨|민망|방해|분위기|사람|사무실|상황|생각|스럽|심하|아마|아침|얘기|어떤|어떻|어서|어야|어쨌든|없이|에게|에서|엘리베이터|오늘|우리|이유|전혀|정말|질책|창피|특히|편안|현명|호되|회사,ᆫ다|논의|다고
176,dev_176,25,7,4,0.16,0.5714,ᆸ니다|감사|구하|그것|네요|마음|많이|물론|생각|세요|신문|안녕|어디|어서|에게|에요|으니|으면|을까요|을지|전화|정보|집주인|확인|효과,ᆸ니다|구하|방법|신문|에게|으로|제안,ᆸ니다|구하|신문|에게,감사|그것|네요|마음|많이|물론|생각|세요|안녕|어디|어서|에요|으니|으면|을까요|을지|전화|정보|집주인|확인|효과,방법|으로|제안
177,dev_177,41,12,9,0.2195,0.75,25|and|dark|night|stormy|ᆫ가|ᆯ게요|ᆸ니다|괜찮|그날|그럼|그렇|금액|금요일|나요|네요|다면|달러|뒷줄|매진|서로|세요|습니다|아쉽|아직|앞줄|어느|어떻|어요|얼마|영화|원하|이나|일요일|자리|저희|죄송|중간|지만|토요일|함께,and|dark|night|stormy|도록|서로|습니다|앞줄|영화|예약|좌석|토요일,and|dark|night|stormy|서로|습니다|앞줄|영화|토요일,25|ᆫ가|ᆯ게요|ᆸ니다|괜찮|그날|그럼|그렇|금액|금요일|나요|네요|다면|달러|뒷줄|매진|세요|아쉽|아직|어느|어떻|어요|얼마|원하|이나|일요일|자리|저희|죄송|중간|지만|함께,도록|예약|좌석
178,dev_178,69,11,6,0.087,0.5455,50|50%|ᆫ가|ᆯ게요|ᆸ니다|가격|가능|가져오|거래|거리|공정|관하|교체|교환|그거|그때|그런데|그렇|나요|내일|너무|네요|는데|니까요|다리|다면|드리|라서요|려면|로드|많이|모델|모두|바이크|바퀴|본인|비싸|사이즈|사촌|상태|생각|세요|수리|습니다|아니|안녕|어서|어야|어요|얼마|에요|여기|예요|원래|으로|으시|을까요|자전거|저희|정도|정말|중고|지만|질문|최소|추천|판매|필요|한테,ᆸ니다|교체|구매|권장|대신|바퀴|사촌|에게|자신|자전거|판매,ᆸ니다|교체|바퀴|사촌|자전거|판매,50|50%|ᆫ가|ᆯ게요|가격|가능|가져오|거래|거리|공정|관하|교환|그거|그때|그런데|그렇|나요|내일|너무|네요|는데|니까요|다리|다면|드리|라서요|려면|로드|많이|모델|모두|바이크|본인|비싸|사이즈|상태|생각|세요|수리|습니다|아니|안녕|어서|어야|어요|얼마|에요|여기|예요|원래|으로|으시|을까요|저희|정도|정말|중고|지만|질문|최소|추천|필요|한테,구매|권장|대신|에게|자신
179,dev_179,58,9,3,0.0517,0.3333,1|120|130|175|400|?!|ᆫ다면|ᆯ게|ᆯ래|ᆯ지|가격|가리|결정|그것|까지|너무|느끼|는데|다고|다르|다른|도시|도와주|따르|딱히|라고|만리장성|바다|밤새|보다|보이|부분|비싸|사람|아냐|아니|안뜰|어떤|어야|에펠탑|예약|오가|옵션|요청|웃기|원하|위층|으로|이나|전망|종류|지상|짜리|침대|특별히|파르테논|펜트하우스|호텔,ᆫ다|가격대|놀라|는다|예약|위층|의견|적당|호텔,예약|위층|호텔,1|120|130|175|400|?!|ᆫ다면|ᆯ게|ᆯ래|ᆯ지|가격|가리|결정|그것|까지|너무|느끼|는데|다고|다르|다른|도시|도와주|따르|딱히|라고|만리장성|바다|밤새|보다|보이|부분|비싸|사람|아냐|아니|안뜰|어떤|어야|에펠탑|오가|옵션|요청|웃기|원하|으로|이나|전망|종류|지상|짜리|침대|특별히|파르테논|펜트하우스,ᆫ다|가격대|놀라|는다|의견|적당
180,dev_180,72,12,10,0.1389,0.8333,10|15|23|2701|29|30|4|45|5|7101|8|980|ba|ᆫ가|ᆯ게요|ᆯ까요|ᆸ니다|가격|가능|가장|감사|공항|군요|그러면|그렇|그리고|나요|날짜|네요|뉴욕|다음|달러|도착|돌아오|드리|떠나|레이크|무엇|밖에|번째|베를린|부탁|비행기|세요|솔트|습니다|시티|안녕|어서|어요|언제|얼마나|에서|예약|예요|오전|오후|으로|이번|일찍|저렴|저렴하|좌석|출발|케네디|트래블|티켓|하루|항공편|홀리데이|확인|훨씬,29|ᆸ니다|돌아오|베를린|비행|솔트레이크시티|에서|예약|으로|일찍|출발|하루,29|ᆸ니다|돌아오|베를린|에서|예약|으로|일찍|출발|하루,10|15|23|2701|30|4|45|5|7101|8|980|ba|ᆫ가|ᆯ게요|ᆯ까요|가격|가능|가장|감사|공항|군요|그러면|그렇|그리고|나요|날짜|네요|뉴욕|다음|달러|도착|드리|떠나|레이크|무엇|밖에|번째|부탁|비행기|세요|솔트|습니다|시티|안녕|어서|어요|언제|얼마나|예요|오전|오후|이번|저렴|저렴하|좌석|케네디|트래블|티켓|항공편|홀리데이|확인|훨씬,비행|솔트레이크시티
181,dev_181,51,9,7,0.1373,0.7778,ᆫ다|ᆯ까|ᆯ지|가져오|거기|거든|계획|그거|그림|뉴욕|다른|다음|라는|레이크|마음|모르|미술관|미술사|미술사학|박물관|보스턴|보이|복사|사진|신청|아웃|어디|어서|어쩌면|에서|우리|윈도|유럽|이거|작품|장식|전시회|조지|조지아 오키프|채우|처럼|칙칙|컬렉션|투어|특별|특수|파인|프린트|학과|현대|화가,계획|구입|그림|다음|미술관|에서|장식|참가|투어,계획|그림|다음|미술관|에서|장식|투어,ᆫ다|ᆯ까|ᆯ지|가져오|거기|거든|그거|뉴욕|다른|라는|레이크|마음|모르|미술사|미술사학|박물관|보스턴|보이|복사|사진|신청|아웃|어디|어서|어쩌면|우리|윈도|유럽|이거|작품|전시회|조지|조지아 오키프|채우|처럼|칙칙|컬렉션|특별|특수|파인|프린트|학과|현대|화가,구입|참가
182,dev_182,47,16,11,0.234,0.6875,...|1|11|17|2|30|9|ᆯ까|공평|그것|그렇|글쎄|기다리|까지|나가|남자|너희|는데|다가|다고|들어오|라고|만들|매주|부모|사람|생각|어도|어떻|어야|얼마나|에게|에서|여름|여행|용돈|은데|이번|자유|저녁|정말|주말|차이|책임감|친구|파운드|평일,17|ᆫ다|까지|남자|매주|부모|여행|외출|용돈|으시|저녁|주말|지만|친구|평일|허락,17|까지|남자|매주|부모|여행|용돈|저녁|주말|친구|평일,...|1|11|2|30|9|ᆯ까|공평|그것|그렇|글쎄|기다리|나가|너희|는데|다가|다고|들어오|라고|만들|사람|생각|어도|어떻|어야|얼마나|에게|에서|여름|은데|이번|자유|정말|차이|책임감|파운드,ᆫ다|외출|으시|지만|허락
183,dev_183,76,15,8,0.1053,0.5333,7|ᆫ가|ᆫ지|가능|강의|강좌|거의|계곡|고속도로|공간|광고|그거|그것|그럼|그렇|근데|기사|기억나|까지|나오|내용|내일|뉴스|다녀오|다른|대하|많이|모르|무슨|미래|미치|바로|배경|버리|변화|사이|새롭|서비스|시간|신문|신문사|실리|아니|아마존|아침|안녕|어떤|어서|어야|여러|여행|외신|위하|으로|으면|을지|이렇|이번|일요일|일찍|자정|재밌|정기|정말|주로|주제|지금|지나|채우|출근|컴퓨터|키보드|통근|팔리|하나|학생,ᆫ다|관하|기사|뉴스|도중|상기|서비스|시간|시키|아마존|에게|여행|으로|정기|희망,기사|뉴스|서비스|시간|아마존|여행|으로|정기,7|ᆫ가|ᆫ지|가능|강의|강좌|거의|계곡|고속도로|공간|광고|그거|그것|그럼|그렇|근데|기억나|까지|나오|내용|내일|다녀오|다른|대하|많이|모르|무슨|미래|미치|바로|배경|버리|변화|사이|새롭|신문|신문사|실리|아니|아침|안녕|어떤|어서|어야|여러|외신|위하|으면|을지|이렇|이번|일요일|일찍|자정|재밌|정말|주로|주제|지금|지나|채우|출근|컴퓨터|키보드|통근|팔리|하나|학생,ᆫ다|관하|도중|상기|시키|에게|희망
184,dev_184,48,11,8,0.1667,0.7273,...|rick|ᆫ다니|ᆫ대|게다가|그리고|기대|까지|끝나|는데|는지|다던데|동안|떠나|라면서|모든|무척|미국|법률|벗어나|보내|브라질|비용|사무소|상사|선물|식사|아마|언제|얼마나|에게|에서|여동생|으로|이번|전부|정말|제공|존경|좋아하|주일|즐기|처음|포함|항공편|해변|호텔|혼자,rick|ᆫ다고|떠나|모든|브라질|비용|에게|예정|일주일|제공|혼자,rick|떠나|모든|브라질|비용|에게|제공|혼자,...|ᆫ다니|ᆫ대|게다가|그리고|기대|까지|끝나|는데|는지|다던데|동안|라면서|무척|미국|법률|벗어나|보내|사무소|상사|선물|식사|아마|언제|얼마나|에서|여동생|으로|이번|전부|정말|존경|좋아하|주일|즐기|처음|포함|항공편|해변|호텔,ᆫ다고|예정|일주일
185,dev_185,70,16,8,0.1143,0.5,10|13|25|40|5|95|99|ᆫ가|ᆫ가요|ᆯ게요|ᆯ까요|ᆯ로|ᆸ니다|가격|가죽|갈색|감사|검정색|계세|괜찮|그거|그렇|까지|께서|나요|너무|네요|넥타이|다면|달러|드리|디자인|라고|말씀|모으|무엇|부족|비싸|사진|생각|선물|센트|습니다|아니|아버님|아버지|아버지날|안녕하세요|어느|어떤|어떻|어서|어요|얼마|에요|예쁘|예요|으세요|이것|이요|저렴|적히|전부|정도|정말|지갑|지난주|지만|집안|할인,13.99|5|ᆸ니다|구매|그러나|넥타이|달러|도움|선물|습니다|아버지|어려움|예산|으로|지갑|짜리,5|ᆸ니다|넥타이|달러|선물|습니다|아버지|지갑,10|13|25|40|95|99|ᆫ가|ᆫ가요|ᆯ게요|ᆯ까요|ᆯ로|가격|가죽|갈색|감사|검정색|계세|괜찮|그거|그렇|까지|께서|나요|너무|네요|다면|드리|디자인|라고|말씀|모으|무엇|부족|비싸|사진|생각|센트|아니|아버님|아버지날|안녕하세요|어느|어떤|어떻|어서|어요|얼마|에요|예쁘|예요|으세요|이것|이요|저렴|적히|전부|정도|정말|지난주|지만|집안|할인,13.99|구매|그러나|도움|어려움|예산|으로|짜리
186,dev_186,30,11,2,0.0667,0.1818,ᆯ게|ᆯ래|가깝|같이|걱정|게다가|교사|그거|그럼|기꺼이|대학|대학교|더라고|돌아가|발음|보다|보통|아주|알아듣|어디|어서|우리|운전사|이랑|자는|중국어|지금|택시|황허|훨씬,ᆸ니다|경제|고자|동의|때문|뛰어나|습니다|실력|중국어|택시|함께,중국어|택시,ᆯ게|ᆯ래|가깝|같이|걱정|게다가|교사|그거|그럼|기꺼이|대학|대학교|더라고|돌아가|발음|보다|보통|아주|알아듣|어디|어서|우리|운전사|이랑|자는|지금|황허|훨씬,ᆸ니다|경제|고자|동의|때문|뛰어나|습니다|실력|함께
187,dev_187,36,11,4,0.1111,0.3636,...|clyde|reagan|ronald|zilbo|ᆯ래|가족|감자|건네|공부|국제법|그래서|대통령|떠먹|라고|만들|맛있|모델|무슨|불리|비즈니스|식기|양고기|어디|와인|요리|우리|운영|으로|으면|음식|이거|정말|최초|회사|흑인,clyde|ᆫ다|다는|대통령|면서|소망|식사|이야기|최초|함께|흑인,clyde|대통령|최초|흑인,...|reagan|ronald|zilbo|ᆯ래|가족|감자|건네|공부|국제법|그래서|떠먹|라고|만들|맛있|모델|무슨|불리|비즈니스|식기|양고기|어디|와인|요리|우리|운영|으로|으면|음식|이거|정말|회사,ᆫ다|다는|면서|소망|식사|이야기|함께
188,dev_188,23,11,6,0.2609,0.5455,20|ᆫ가|ᆯ까요|ᆸ니다|걸리|맞춤|비용|사이즈|스커트|습니다|어도|어요|얼마|얼마나|위안|으면|일주일|정도|제작|조금|주문|하나|허리,ᆸ니다|대하|맞춤|문의|비용|소요|스커트|시간|에게|제작|주문,ᆸ니다|맞춤|비용|스커트|제작|주문,20|ᆫ가|ᆯ까요|걸리|사이즈|습니다|어도|어요|얼마|얼마나|위안|으면|일주일|정도|조금|하나|허리,대하|문의|소요|시간|에게
189,dev_189,27,8,2,0.0741,0.25,...|isabelle|가르치|고등학생|관심|그래|꿈꾸|다고|따위|려고|마을|만나|명성|모든|별로|사람|생각|에서|잖아|재즈|전파|정말|지하도|진짜|진짜로|찾아내|학생,isabelle|ᆫ다고|ᆸ니다|보다|생각|이상|추구|현실,isabelle|생각,...|가르치|고등학생|관심|그래|꿈꾸|다고|따위|려고|마을|만나|명성|모든|별로|사람|에서|잖아|재즈|전파|정말|지하도|진짜|진짜로|찾아내|학생,ᆫ다고|ᆸ니다|보다|이상|추구|현실
190,dev_190,18,9,4,0.2222,0.4444,공부|덕분|도움|동아시아|많이|문학|빠지|세계|수업|어떻|어학|엄청나|에서|여기|일본어|작품|전공|정말,ᆫ다|느끼|다고|매우|문학|수업|유익|일본어|전공,문학|수업|일본어|전공,공부|덕분|도움|동아시아|많이|빠지|세계|어떻|어학|엄청나|에서|여기|작품|정말,ᆫ다|느끼|다고|매우|유익
191,dev_191,47,5,4,0.0851,0.8,ᆫ가|ᆫ가요|ᆯ까요|ᆸ니다|감사|감염|검사|그냥|나요|당신|들어가|따끔|려고|많이|무슨|방금|백혈구|범위|벗어나|보이|보통|선생|세요|소매|수치|습니다|실험실|아프|어떤|어서|어야|어요|예요|왼쪽|으러|의사|의심|저기|전부|정맥|정보|정상|제공|지혈대|채혈|필요|혈액,백혈구|수치|습니다|의사|채취,백혈구|수치|습니다|의사,ᆫ가|ᆫ가요|ᆯ까요|ᆸ니다|감사|감염|검사|그냥|나요|당신|들어가|따끔|려고|많이|무슨|방금|범위|벗어나|보이|보통|선생|세요|소매|실험실|아프|어떤|어서|어야|어요|예요|왼쪽|으러|의심|저기|전부|정맥|정보|정상|제공|지혈대|채혈|필요|혈액,채취
192,dev_192,31,10,7,0.2258,0.7,5|ᆫ다고|ᆫ지|가장|경주|굉장|남부|다양|매년|모자|미국|부르|세계|스타|신나|아니|언제|에서|열리|완전|전통|종류|축제|켄터키|토요일|특별|패션|퍼레이드|할리우드|행사|행운,ᆫ다|가장|모자|소개|에게|에서|켄터키|특별|퍼레이드|행사,가장|모자|에서|켄터키|특별|퍼레이드|행사,5|ᆫ다고|ᆫ지|경주|굉장|남부|다양|매년|미국|부르|세계|스타|신나|아니|언제|열리|완전|전통|종류|축제|토요일|패션|할리우드|행운,ᆫ다|소개|에게
193,dev_193,47,12,4,0.0851,0.3333,11|ames|mes.|miss|ohn.|ᆯ게요|ᆯ까요|ᆯ래|ᆸ니다|가장|감사|그것|그런데|그리고|기름|너무|는데|도록|들락날락|들어오|라고|마다|머리|물론|바르|세상|세요|소리|시간|어도|어떻|어서|어요|에서|여자|이나|이번|잖아요|저기|전혀|정말|죄송|주말|친절|터지|항상|현관문,ames|john|miss|ᆸ니다|기름칠|소음|수락|에게|요청|위하|줄이|현관문,ames|miss|ᆸ니다|현관문,11|mes.|ohn.|ᆯ게요|ᆯ까요|ᆯ래|가장|감사|그것|그런데|그리고|기름|너무|는데|도록|들락날락|들어오|라고|마다|머리|물론|바르|세상|세요|소리|시간|어도|어떻|어서|어요|에서|여자|이나|이번|잖아요|저기|전혀|정말|죄송|주말|친절|터지|항상,john|기름칠|소음|수락|에게|요청|위하|줄이
194,dev_194,44,20,14,0.3182,0.7,14|4|5|6|mark|같이|고향|관심|그때|그래|그러면|그럼|도서관|동안|리버풀|많이|몬트리올|스코틀랜드|스포츠|시절|앨버타|어디|어떻|어리|어서|언제|엄마|에서|여행|우리|웨일즈|으로|이나|자라|자연|자주|정도|처음|출신|캐나다|캘거리|태어나|하고|해외,14|mark|리버풀|많이|몬트리올|방문|스코틀랜드|습니다|시절|어리|에서|여러|웨일즈|으며|이후|자라|처음|캘거리|태어나|해외여행,14|mark|리버풀|많이|몬트리올|스코틀랜드|시절|어리|에서|웨일즈|자라|처음|캘거리|태어나,4|5|6|같이|고향|관심|그때|그래|그러면|그럼|도서관|동안|스포츠|앨버타|어디|어떻|어서|언제|엄마|여행|우리|으로|이나|자연|자주|정도|출신|캐나다|하고|해외,방문|습니다|여러|으며|이후|해외여행
195,dev_195,43,16,6,0.1395,0.375,...|11|da|tony|vid.|ᆫ대|공원|그래|그렇|끔찍|넘어지|다가|다고|다음|다행히|더러워지|더럽|도대체|라니|려고|려는데|면서|무슨|버스|빠지|사람|소리치|스케이트보드|아니|아무|아침|안녕|어떻|어서|에서|연못|오늘|운전사|이런|정말|태우|택시|하루,david|ᆸ니다|걸어가|까지|끔찍|넘어지|버스|보드|빠지|스케이트|습니다|어야|에게|연못|이야기|하루,끔찍|넘어지|버스|빠지|연못|하루,...|11|da|tony|vid.|ᆫ대|공원|그래|그렇|다가|다고|다음|다행히|더러워지|더럽|도대체|라니|려고|려는데|면서|무슨|사람|소리치|스케이트보드|아니|아무|아침|안녕|어떻|어서|에서|오늘|운전사|이런|정말|태우|택시,david|ᆸ니다|걸어가|까지|보드|스케이트|습니다|어야|에게|이야기
196,dev_196,61,14,6,0.0984,0.4286,jack|tommy|ᆫ지|ᆯ게|갑자기|갑작스럽|경찰|괜찮|괜찮아|그거|그것|그래|그런|그럼|그렇|근처|깨뜨리|내일|너무|놀라|누구|는데|는지|다는|도둑|때문|떨어뜨리|모든|모르|문자|문제|바로|보내|보이|보험|빌리|사람|생기|설마|셔츠|신고|아니|아마|아직|아침|어서|얼굴|엄마|을지|이야기|일어나|입구|적용|지금|카메라|하얗|하지만|한테|확인|훔치|휴대폰,tommy|경찰|근처|당하|도난|라고|사용|습니다|신고|엄마|에게|요청|즉시|휴대폰,tommy|경찰|근처|신고|엄마|휴대폰,jack|ᆫ지|ᆯ게|갑자기|갑작스럽|괜찮|괜찮아|그거|그것|그래|그런|그럼|그렇|깨뜨리|내일|너무|놀라|누구|는데|는지|다는|도둑|때문|떨어뜨리|모든|모르|문자|문제|바로|보내|보이|보험|빌리|사람|생기|설마|셔츠|아니|아마|아직|아침|어서|얼굴|을지|이야기|일어나|입구|적용|지금|카메라|하얗|하지만|한테|확인|훔치,당하|도난|라고|사용|습니다|에게|요청|즉시
197,dev_197,32,6,4,0.125,0.6667,...|괜찮|구나|그러면|그럼|글쎄|까다롭|너무|느낌|는데|마음|모래|보이|생각|아니|아마도|아주|약하|어둡|어떻|어야|어울리|이거|정말|충분히|취향|크기|테이블|특이|튼튼|해변|해변가,ᆫ다|까다롭|다고|생각|어울리|테이블,까다롭|생각|어울리|테이블,...|괜찮|구나|그러면|그럼|글쎄|너무|느낌|는데|마음|모래|보이|아니|아마도|아주|약하|어둡|어떻|어야|이거|정말|충분히|취향|크기|특이|튼튼|해변|해변가,ᆫ다|다고
198,dev_198,54,15,11,0.2037,0.7333,1|13|19|200|26|9|ᆫ가요|ᆯ게요|ᆯ까요|ᆸ니다|가능|규모|그런|그렇|그룹|그리고|끝나|끝자리|네요|다면|데이먼|드리|려고|마음|메이블|무대|무엇|바로|번호|수용|스크린|습니다|안녕하세요|어요|여보세요|영업|예약|예정|우리|위하|으로|의자|이나|정도|조지|죄송|준비|지금|추천|프로젝션|필요|호텔|회사|회의,200|갖추|규모|데이먼|도록|습니다|시설|예약|위하|조지|직원|필요|호텔|회사|회의,200|규모|데이먼|습니다|예약|위하|조지|필요|호텔|회사|회의,1|13|19|26|9|ᆫ가요|ᆯ게요|ᆯ까요|ᆸ니다|가능|그런|그렇|그룹|그리고|끝나|끝자리|네요|다면|드리|려고|마음|메이블|무대|무엇|바로|번호|수용|스크린|안녕하세요|어요|여보세요|영업|예정|우리|으로|의자|이나|정도|죄송|준비|지금|추천|프로젝션,갖추|도록|시설|직원
199,dev_199,43,10,5,0.1163,0.5,100|ᆫ지|가격|간단|고장|그래|그래서|그러니까|그렇|그리고|다는|대하|디자인|발명|발명품|별로|복잡|비싸|비용|사용|성공|소재|시작|아주|안전|얘기|어서|언덕|여러|올라가|운영|위험|으니까|이유|자전거|잖아|장점|주되|지만|최신|편하|현대|활용,ᆫ다|대하|발명품|성공|으로|이야기|자전거|장점|주요|평가,대하|발명품|성공|자전거|장점,100|ᆫ지|가격|간단|고장|그래|그래서|그러니까|그렇|그리고|다는|디자인|발명|별로|복잡|비싸|비용|사용|소재|시작|아주|안전|얘기|어서|언덕|여러|올라가|운영|위험|으니까|이유|잖아|주되|지만|최신|편하|현대|활용,ᆫ다|으로|이야기|주요|평가
200,dev_200,64,14,9,0.1406,0.6429,가게|가능|가족|가지|건강|그거|그냥|그래|그런|그렇지만|까지|남동생|는데|대단하|대부분|동물|라고|레이첼|려고|마리아|멋지|면역|모든|모르|문제|박테리아|보다|붙이|생각|선택|설치류|세계|시스템|아니|아마|아이|아이디어|안녕|애완동물|어리|어야|얼른|엄청|에게|원숭이|위험|이국|이름|일으키|잖아|잠깐|전통|정도|정말|종류|진짜|추천|키우|특별|특히|파충류|해롭|행운|확실하,ᆫ다|가게|건강|라고|레이첼|려고|마리아|설득|애완동물|이유|전통|제안|지만|키우,가게|건강|라고|레이첼|려고|마리아|애완동물|전통|키우,가능|가족|가지|그거|그냥|그래|그런|그렇지만|까지|남동생|는데|대단하|대부분|동물|멋지|면역|모든|모르|문제|박테리아|보다|붙이|생각|선택|설치류|세계|시스템|아니|아마|아이|아이디어|안녕|어리|어야|얼른|엄청|에게|원숭이|위험|이국|이름|일으키|잖아|잠깐|정도|정말|종류|진짜|추천|특별|특히|파충류|해롭|행운|확실하,ᆫ다|설득|이유|제안|지만
201,dev_201,71,17,10,0.1408,0.5882,2003|5|ᆫ가|ᆫ데|ᆸ니다|감사|거든요|경제|계약|공사|관계|관련|굉장히|군요|그것|그렇|극단주의자|기업|나요|난처|니까|니까요|다고|다는|대로|동안|두렵|드리|로서|말씀|메이|문제|미치|바라|법률|법인|보호|사실|사업|상업|수출입|시장|아까|아직|알려지|어느|어려움|어요|에서|영향|완비|외국|우리|으로|으시|전혀|정도|정말|정부|정책|조금|중국|지키|직접|천만에요|철저히|파트너|하지만|항상|현재|힘쓰,ᆸ니다|가지|관계|까지|다고|대하|미치|보호|사업|설명|에게|영향|으로|으며|중국|질문|현재,ᆸ니다|관계|다고|미치|보호|사업|영향|으로|중국|현재,2003|5|ᆫ가|ᆫ데|감사|거든요|경제|계약|공사|관련|굉장히|군요|그것|그렇|극단주의자|기업|나요|난처|니까|니까요|다는|대로|동안|두렵|드리|로서|말씀|메이|문제|바라|법률|법인|사실|상업|수출입|시장|아까|아직|알려지|어느|어려움|어요|에서|완비|외국|우리|으시|전혀|정도|정말|정부|정책|조금|지키|직접|천만에요|철저히|파트너|하지만|항상|힘쓰,가지|까지|대하|설명|에게|으며|질문
202,dev_202,26,6,2,0.0769,0.3333,12|kate|ᆯ까|ᆯ래|광고|그래|너무|마음|바꾸|분명히|아니|어도|어떻|예전|오늘|으로|이거|재미없|재미있|정말|지루|채널|처음|토크쇼|프로그램|한테,ᆸ니다|변경|요청|채널|추천|토크쇼,채널|토크쇼,12|kate|ᆯ까|ᆯ래|광고|그래|너무|마음|바꾸|분명히|아니|어도|어떻|예전|오늘|으로|이거|재미없|재미있|정말|지루|처음|프로그램|한테,ᆸ니다|변경|요청|추천
203,dev_203,16,7,3,0.1875,0.4286,6.5|ᆸ니다|계산서|나오|나요|달러|문제|습니다|어떤|어요|여기|잖아요|죄송|청구|항목|확인,ᆸ니다|계산서|라고|발견|에서|오류|확인,ᆸ니다|계산서|확인,6.5|나오|나요|달러|문제|습니다|어떤|어요|여기|잖아요|죄송|청구|항목,라고|발견|에서|오류
204,dev_204,74,17,11,0.1486,0.6471,10|ᆫ다|ᆯ게|ᆯ래|가르치|가져가|가져오|같이|계획|그거|그냥|근데|기대|기름값|까지|내내|너무|니까|달러|대략|데리|도심|떨어지|만나|모으|목요일|베드|보태|보통|사실|서핑|서핑보드|솔직히|시간|어디|어떤|어떻|어서|어야|언제|얼마나|에서|요즘|우리|운전|으로|으면|음식|의자|이랑|이번|일요일|재미있|정도|정말|정오|조용|좋아하|주말|준비|지내|진짜|짜증|챙기|출발|친구|크리스토퍼|타올|토요일|튜브|필요|해변|햇볕|휴식,ᆫ다|가르치|가져가|그래서|다고|서핑|어서|에게|일요일|자고|지치|초대|크리스토퍼|타올|필요|해변|휴식,ᆫ다|가르치|가져가|서핑|어서|일요일|크리스토퍼|타올|필요|해변|휴식,10|ᆯ게|ᆯ래|가져오|같이|계획|그거|그냥|근데|기대|기름값|까지|내내|너무|니까|달러|대략|데리|도심|떨어지|만나|모으|목요일|베드|보태|보통|사실|서핑보드|솔직히|시간|어디|어떤|어떻|어야|언제|얼마나|에서|요즘|우리|운전|으로|으면|음식|의자|이랑|이번|재미있|정도|정말|정오|조용|좋아하|주말|준비|지내|진짜|짜증|챙기|출발|친구|토요일|튜브|햇볕,그래서|다고|에게|자고|지치|초대
205,dev_205,19,9,1,0.0526,0.1111,doris|helen|mall|ᆯ래|같이|구경|그냥|그래도|그럼|둘러보|라도|별로|어야|에서|이번|잖아|재미없|주말|혼자,doris|ᆸ니다|거절|세일|쇼핑몰|에게|자고|제안|지만,doris,helen|mall|ᆯ래|같이|구경|그냥|그래도|그럼|둘러보|라도|별로|어야|에서|이번|잖아|재미없|주말|혼자,ᆸ니다|거절|세일|쇼핑몰|에게|자고|제안|지만
206,dev_206,46,14,8,0.1739,0.5714,dj|ᆯ까|ᆯ지|각자|공식|괜찮|그거|그것|금요일|나누|녹음|는지|다시|도대체|도와주|만나|모르|물론|미국|방향|밴드|부르|부분|사무실|아니|얘기|어느|어떻|어서|어야|엔터테인먼트|역할|우리|으로|음식|음악|이랑|이제|정말|정식|제일|준비|중국|파티|행사|확인,ᆫ다|결정|계획|금요일|다시|대하|만나|음식|음악|자세히|준비|파티|행사|형태,금요일|다시|만나|음식|음악|준비|파티|행사,dj|ᆯ까|ᆯ지|각자|공식|괜찮|그거|그것|나누|녹음|는지|도대체|도와주|모르|물론|미국|방향|밴드|부르|부분|사무실|아니|얘기|어느|어떻|어서|어야|엔터테인먼트|역할|우리|으로|이랑|이제|정말|정식|제일|중국|확인,ᆫ다|결정|계획|대하|자세히|형태
207,dev_207,25,11,3,0.12,0.2727,20|ᆸ니다|가끔|같이|갱신|나요|는데|드세|드시|배달|복용|부작용|서비스|어떻게|어서|어야|어요|어지럽|으러|으로|인터넷|준비|처방전|피하|하루,ᆸ니다|대하|또한|방문|방법|복용|사항|위하|주의|질문|처방전,ᆸ니다|복용|처방전,20|가끔|같이|갱신|나요|는데|드세|드시|배달|부작용|서비스|어떻게|어서|어야|어요|어지럽|으러|으로|인터넷|준비|피하|하루,대하|또한|방문|방법|사항|위하|주의|질문
208,dev_208,17,6,1,0.0588,0.1667,tv|ᆯ까요|그냥|그래|그만|꺼내|리모컨|바로|시간|어도|어디|어서|어요|엄마|오늘|이제|지금,tv|ᆸ니다|다고|독서|에게|추천,tv,ᆯ까요|그냥|그래|그만|꺼내|리모컨|바로|시간|어도|어디|어서|어요|엄마|오늘|이제|지금,ᆸ니다|다고|독서|에게|추천
209,dev_209,30,8,3,0.1,0.375,ᆸ니다|경관|그런데|그렇|나요|노랗|들어가|라는|라도|멈추|모르|무슨|문제|밖에|발부|변명|빨간불|세요|속도|습니다|어서|어요|여기|이해|정말|정말로|죄송|줄이|지나가|티켓,ᆸ니다|다는|발부|빨갛|에서|운전|이유|티켓,ᆸ니다|발부|티켓,경관|그런데|그렇|나요|노랗|들어가|라는|라도|멈추|모르|무슨|문제|밖에|변명|빨간불|세요|속도|습니다|어서|어요|여기|이해|정말|정말로|죄송|줄이|지나가,다는|빨갛|에서|운전|이유
210,dev_210,31,8,6,0.1935,0.75,ᆫ데|거든|괜찮|교통|나타나|당하|돌아가|모르|무슨|밖에|별일|병원|부모|불쌍|사고|생기|아니|아이고|아직|알란|어서|여동생|으면|을까|입원|작년|잖아|지금|지난주|진짜|혼수상태,걱정|교통|당하|사고|습니다|알란|여동생|지난주,교통|당하|사고|알란|여동생|지난주,ᆫ데|거든|괜찮|나타나|돌아가|모르|무슨|밖에|별일|병원|부모|불쌍|생기|아니|아이고|아직|어서|으면|을까|입원|작년|잖아|지금|진짜|혼수상태,걱정|습니다
211,dev_211,34,17,3,0.0882,0.1765,ohn.|ᆯ래|같이|고맙|공부|나누|너희|누구|느라|는데|다시|다음|만나|무슨|바쁘|반갑|별로|부모|쇼핑|시작|시험|안녕|어디|어떻|어서|어야|오랜만|요새|이야기|정말|지금|지내|특별|학교,john|ᆫ다|거절|근황|나누|다른|대하|또한|사람|쇼핑|약속|으나|이야기|자고|초대|최근|함께,나누|쇼핑|이야기,ohn.|ᆯ래|같이|고맙|공부|너희|누구|느라|는데|다시|다음|만나|무슨|바쁘|반갑|별로|부모|시작|시험|안녕|어디|어떻|어서|어야|오랜만|요새|정말|지금|지내|특별|학교,john|ᆫ다|거절|근황|다른|대하|또한|사람|약속|으나|자고|초대|최근|함께
212,dev_212,32,9,5,0.1562,0.5556,dave|elvin|vince|webtracker|zina|ᆫ지|ᆯ래|가지|그럼|까지|나쁘|너희|녹음기|누구|돌아오|라니|려는|만들|빌리|스파이|아니|아무|아직|어서|염탐|우리|위하|정말|지만|프로그래머|한테|확실,vince|webtracker|zina|ᆫ다|다고|어려워하|염탐|의심|프로그래머,vince|webtracker|zina|염탐|프로그래머,dave|elvin|ᆫ지|ᆯ래|가지|그럼|까지|나쁘|너희|녹음기|누구|돌아오|라니|려는|만들|빌리|스파이|아니|아무|아직|어서|우리|위하|정말|지만|한테|확실,ᆫ다|다고|어려워하|의심
213,dev_213,30,7,3,0.1,0.4286,...|ᆫ가|ᆫ데|ᆯ지|공포|그냥|그런데|니까|다르|다른|데이트|무섭|물론|사람|사실|서로|아니|아마|아쉽|아직|어떻|어서|어야|영화|우리|은데|절대|종류|좋아하|취향,ᆫ다|공포|데이트|동의|영화|자고|제안,공포|데이트|영화,...|ᆫ가|ᆫ데|ᆯ지|그냥|그런데|니까|다르|다른|무섭|물론|사람|사실|서로|아니|아마|아쉽|아직|어떻|어서|어야|우리|은데|절대|종류|좋아하|취향,ᆫ다|동의|자고|제안
214,dev_214,83,15,12,0.1446,0.8,5%|ᆫ다는|ᆫ데|ᆯ게요|ᆸ니다|간신히|감당|감사|괜찮|교대|구하|군요|그거|그러|그러니까|그러면|그렇|근무|근무자|나요|내일|네요|노력|다고|다는|다른|당신|당연|대하|도움|드리|려고|만약|먼저|문제|물론|부양|사람|상의|생각|생활|세요|수당|스케줄|습니다|시간|시기|아이|아침|알리|어떻|어서|어야|어요|에게|에서|여기|열심히|예요|와이프|월급|위반|으로|으면|을까요|음식|이렇|인상|일찍|정말|제안|좋아하|지금|직접|집세|책임|천만에요|추가|한테|합리|혹시|회사|힘들,5%|ᆸ니다|담당|라고|생각|스케줄|에게|요청|월급|으면|인상|제안|책임|추가|합리,5%|ᆸ니다|생각|스케줄|에게|월급|으면|인상|제안|책임|추가|합리,ᆫ다는|ᆫ데|ᆯ게요|간신히|감당|감사|괜찮|교대|구하|군요|그거|그러|그러니까|그러면|그렇|근무|근무자|나요|내일|네요|노력|다고|다는|다른|당신|당연|대하|도움|드리|려고|만약|먼저|문제|물론|부양|사람|상의|생활|세요|수당|습니다|시간|시기|아이|아침|알리|어떻|어서|어야|어요|에서|여기|열심히|예요|와이프|위반|으로|을까요|음식|이렇|일찍|정말|좋아하|지금|직접|집세|천만에요|한테|혹시|회사|힘들,담당|라고|요청
215,dev_215,53,12,5,0.0943,0.4167,carole|cca.|kitty|rebe|simon|ᆫ다고|ᆯ걸|ᆯ까|고맙|고장|괜찮|그냥|그래서|그러|그렇|글쎄|끝내|는데|다고|다는|다니|대처|더라|떠들|똑같이|라고|만나|무슨|무척|바쁘|변명|별로|보이|소리|수업|어떻|어서|어야|에서|여기저기|영화|우리|은데|이랑|이제|재밌|지난주|지만|직접|출발|핑계|혼자|희망,carole|rebecca|simon|ᆫ다|결심|대하|변명|에게|이야기|지만|직접|해결,carole|simon|변명|지만|직접,cca.|kitty|rebe|ᆫ다고|ᆯ걸|ᆯ까|고맙|고장|괜찮|그냥|그래서|그러|그렇|글쎄|끝내|는데|다고|다는|다니|대처|더라|떠들|똑같이|라고|만나|무슨|무척|바쁘|별로|보이|소리|수업|어떻|어서|어야|에서|여기저기|영화|우리|은데|이랑|이제|재밌|지난주|출발|핑계|혼자|희망,rebecca|ᆫ다|결심|대하|에게|이야기|해결
216,dev_216,17,8,3,0.1765,0.375,ᆸ니다|금연|나요|라고|보이|선생|세요|심하|쓰이|어서|어요|여기|이라고|저기|죄송|표시|흡연,ᆸ니다|구역|금연|알리|에게|요청|자제|흡연,ᆸ니다|금연|흡연,나요|라고|보이|선생|세요|심하|쓰이|어서|어요|여기|이라고|저기|죄송|표시,구역|알리|에게|요청|자제
217,dev_217,48,10,4,0.0833,0.4,?!|amy|rick|ᆯ게|ᆯ래|가장|거기|고기|그럼|기억|너무|눈물|더라고|만두|맛있|면도|몽골리안|물론|배고프|산시|새롭|선택|스웨터|시도|아무리|어도|어디|어떻|어서|에서|요리|우리|위엔양팟|육수|으러|은데|이번|잠깐|정통|지금|지난번|질리|챙기|칼국수|특별히|하나|한테|핫팟,amy|rick|ᆫ다|결국|결정|만두|시도|원하|지만|핫팟을,amy|rick|만두|시도,?!|ᆯ게|ᆯ래|가장|거기|고기|그럼|기억|너무|눈물|더라고|맛있|면도|몽골리안|물론|배고프|산시|새롭|선택|스웨터|아무리|어도|어디|어떻|어서|에서|요리|우리|위엔양팟|육수|으러|은데|이번|잠깐|정통|지금|지난번|질리|챙기|칼국수|특별히|하나|한테|핫팟,ᆫ다|결국|결정|원하|지만|핫팟을
218,dev_218,36,9,3,0.0833,0.3333,ᆯ게요|ᆯ까요|ᆯ래|계세|계시|그거|그럼|끝나|너희|다니엘|다음|다치|당연히|동생|배추|부르|설거지|소파|신문|아빠|양파|어디|어서|어요|엄마|엄청|에서|울트라맨|자르|잖아요|저기|조심|좋아하|지금|필러|함께,는지|다니엘|무엇|습니다|아빠|엄마|에게|요리|준비,다니엘|아빠|엄마,ᆯ게요|ᆯ까요|ᆯ래|계세|계시|그거|그럼|끝나|너희|다음|다치|당연히|동생|배추|부르|설거지|소파|신문|양파|어디|어서|어요|엄청|에서|울트라맨|자르|잖아요|저기|조심|좋아하|지금|필러|함께,는지|무엇|습니다|에게|요리|준비
219,dev_219,55,16,9,0.1636,0.5625,2|ralph|ᆫ데|가능|가지|고장|그런|그런데|긍정|기억|기차|나오|다고|다는|드물|라고|많이|매우|무섭|발생|방사능|벨트|사고|사람|상황|생각|세기|소위|실제|아주|앨런|어도|어떻게|어서|어야|에서|여행|여행자|예전|우주|우주선|운석|위험|으로|잖아|조심|주되|지만|직면|태양|특히|폭발|표면|해롭|활발,ralph|ᆫ다고|ᆸ니다|낙관|대하|로부터|방사능|벨트|보다|상대|생각|실제|앨런|여행|우주|위험,ralph|방사능|벨트|생각|실제|앨런|여행|우주|위험,2|ᆫ데|가능|가지|고장|그런|그런데|긍정|기억|기차|나오|다고|다는|드물|라고|많이|매우|무섭|발생|사고|사람|상황|세기|소위|아주|어도|어떻게|어서|어야|에서|여행자|예전|우주선|운석|으로|잖아|조심|주되|지만|직면|태양|특히|폭발|표면|해롭|활발,ᆫ다고|ᆸ니다|낙관|대하|로부터|보다|상대
220,dev_220,23,4,3,0.1304,0.75,가격|게다가|괜찮|그럼|다르|더러워지|매력|어떻|어서|어울리|우리|은데|이거|이랑|저거|저런|저렴하|정말|종류|청소|커피|테이블|힘들,고르|어울리|커피|테이블,어울리|커피|테이블,가격|게다가|괜찮|그럼|다르|더러워지|매력|어떻|어서|우리|은데|이거|이랑|저거|저런|저렴하|정말|종류|청소|힘들,고르
221,dev_221,38,8,2,0.0526,0.25,ᆫ가|ᆯ까요|군요|그러|근데|나요|너무|네요|다른|다양|드리|물론|바로|바르|보라색|브랜드|색상|선호|세요|시험|아이섀도|아직|안타깝|어도|어둡|어떤|어떻|어서|어요|오늘|으로|으세요|이거|이것|이요|저희|평소|하나,ᆸ니다|도록|도와주|만족|색상|선택|아이섀도|제품,색상|아이섀도,ᆫ가|ᆯ까요|군요|그러|근데|나요|너무|네요|다른|다양|드리|물론|바로|바르|보라색|브랜드|선호|세요|시험|아직|안타깝|어도|어둡|어떤|어떻|어서|어요|오늘|으로|으세요|이거|이것|이요|저희|평소|하나,ᆸ니다|도록|도와주|만족|선택|제품
222,dev_222,19,7,1,0.0526,0.1429,거든|경쟁자|고맙|그동안|놀라|다는|당연히|사실|소식|엄청|열심히|으면|자격|잖아|정말|지명|축하|후보|훌륭,ᆸ니다|기대|수상|에게|전하|축하|칭찬,축하,거든|경쟁자|고맙|그동안|놀라|다는|당연히|사실|소식|엄청|열심히|으면|자격|잖아|정말|지명|후보|훌륭,ᆸ니다|기대|수상|에게|전하|칭찬
223,dev_223,42,10,7,0.1667,0.7,ᆸ니다|감사|경우|궁금|그런|기한|납부|는데|다면|다시|대하|라면|마스터카드|만약|말씀|명확하|모든|못하|문의|문제|발송|보내|세요|습니다|신용|실수|아직|어느|어떻|어야|어요|연장|우체국|으면|을까요|이미|전화|증거|청구서|카드|필요|한번,ᆫ다고|ᆸ니다|문제|신용|어야|우체국|제안|청구서|카드|해결,ᆸ니다|문제|신용|어야|우체국|청구서|카드,감사|경우|궁금|그런|기한|납부|는데|다면|다시|대하|라면|마스터카드|만약|말씀|명확하|모든|못하|문의|발송|보내|세요|습니다|실수|아직|어느|어떻|어요|연장|으면|을까요|이미|전화|증거|필요|한번,ᆫ다고|제안|해결
224,dev_224,46,11,6,0.1304,0.5455,3|ᆯ게요|ᆸ니다|감사|개인|거든요|계산|그러면|그런데|기다리|까지|나요|도록|도움|드리|문제|보험|보험사|부르|서류|세요|습니다|아니요|약값|약국|어서|어요|에요|여기|영수증|예요|위안|으로|이름|잃어버리|저기|정말|증명서|직접|진찰|처리|포함|필요|하지만|환급|회사,계산|도움|라는|보관|보험|습니다|영수증|위하|으로|조언|청구,계산|도움|보험|습니다|영수증|으로,3|ᆯ게요|ᆸ니다|감사|개인|거든요|그러면|그런데|기다리|까지|나요|도록|드리|문제|보험사|부르|서류|세요|아니요|약값|약국|어서|어요|에요|여기|예요|위안|이름|잃어버리|저기|정말|증명서|직접|진찰|처리|포함|필요|하지만|환급|회사,라는|보관|위하|조언|청구
225,dev_225,29,9,3,0.1034,0.3333,725|가격|광고|그래서|그리고|기쁘|다는|달러|대하|드디어|마음|매달|신문|아파트|알리|어디|얼마|에서|여기|예쁘|오늘|월세|일단|저렴하|정말|제일|진짜|축하|확인,ᆸ니다|광고|다고|신문|아름답|아파트|에게|저렴|통하,광고|신문|아파트,725|가격|그래서|그리고|기쁘|다는|달러|대하|드디어|마음|매달|알리|어디|얼마|에서|여기|예쁘|오늘|월세|일단|저렴하|정말|제일|진짜|축하|확인,ᆸ니다|다고|아름답|에게|저렴|통하
226,dev_226,46,14,11,0.2391,0.7857,ᆫ가|ᆯ까|ᆯ까요|ᆸ니다|검사|괜찮|귀중품|그냥|깨지|나요|네요|도자기|드리|무엇|물건|박스|반송|발송|보내|세관|세요|소포|습니다|신고서|아니요|양식|어떻|어서|어야|어요|영어|으로|으시|을까요|이거|이렇게|이제|작성|장춘|전표|종이|주소|튼튼|판매|포장|항공우편,ᆸ니다|깨지|도자기|물품|므로|박스|보내|소포|으로|장춘|제안|튼튼|포장|항공우편,ᆸ니다|깨지|도자기|박스|보내|소포|으로|장춘|튼튼|포장|항공우편,ᆫ가|ᆯ까|ᆯ까요|검사|괜찮|귀중품|그냥|나요|네요|드리|무엇|물건|반송|발송|세관|세요|습니다|신고서|아니요|양식|어떻|어서|어야|어요|영어|으시|을까요|이거|이렇게|이제|작성|전표|종이|주소|판매,물품|므로|제안
227,dev_227,20,10,4,0.2,0.4,ᆫ가|괜찮|굉장히|근무|근무지|나요|바꾸|습니다|시간|어도|어떻|어요|완수|유연|으시|자유|제대로|조건|지원|직위,ᆸ니다|가능|근무|문의|에게|여부|유연|조건|직위|해당,근무|유연|조건|직위,ᆫ가|괜찮|굉장히|근무지|나요|바꾸|습니다|시간|어도|어떻|어요|완수|으시|자유|제대로|지원,ᆸ니다|가능|문의|에게|여부|해당
228,dev_228,20,12,4,0.2,0.3333,ᆫ데|ᆯ래|같이|그런데|그림|기사|너무|놓치|는데|밖에|버스|비싸|어도|어떻|열리|전시회|지하철|택시|파업|피카소,ᆸ니다|고려|교통|그림|상황|에게|자고|전시회|지하철|초대|피카소|함께,그림|전시회|지하철|피카소,ᆫ데|ᆯ래|같이|그런데|기사|너무|놓치|는데|밖에|버스|비싸|어도|어떻|열리|택시|파업,ᆸ니다|고려|교통|상황|에게|자고|초대|함께
229,dev_229,35,10,2,0.0571,0.2,개인|거기|거든|괜찮|그냥|그래서|그런|그리고|그만두|기에|뉴욕|는데|는지|대화|들어가|만나|모르|무슨|보내|사람|서로|서른|시간|시작|얘기|어디|얼마나|음악|의미|이름|이상|좋아하|지만|직업|컴퓨터,ᆸ니다|개인|남자|다고|서른|에게|에서|온라인|이야기|채팅,개인|서른,거기|거든|괜찮|그냥|그래서|그런|그리고|그만두|기에|뉴욕|는데|는지|대화|들어가|만나|모르|무슨|보내|사람|서로|시간|시작|얘기|어디|얼마나|음악|의미|이름|이상|좋아하|지만|직업|컴퓨터,ᆸ니다|남자|다고|에게|에서|온라인|이야기|채팅
230,dev_230,51,12,5,0.098,0.4167,ᆸ니다|가능|괜찮|그거|그냥|그분|기록|기분|깜빡|나요|는데|다른|다면|드리|라고요|라도|보다|복도|사람|사업|설명|시작|식당|식사|실수|아마|아주|어도|어서|어요|여기|연락|예약|예요|으시|이렇|이제|이쯤|이해|자리|저녁|전화|정도|죄송|중요|지금|직원|초대|테이블|파트너|하지만,ᆸ니다|결국|대해|동의|복도|사과|식사|실수|에게|에서|예약|지만,ᆸ니다|복도|식사|실수|예약,가능|괜찮|그거|그냥|그분|기록|기분|깜빡|나요|는데|다른|다면|드리|라고요|라도|보다|사람|사업|설명|시작|식당|아마|아주|어도|어서|어요|여기|연락|예요|으시|이렇|이제|이쯤|이해|자리|저녁|전화|정도|죄송|중요|지금|직원|초대|테이블|파트너|하지만,결국|대해|동의|사과|에게|에서|지만
231,dev_231,78,19,14,0.1795,0.7368,1|3|bobby|cardano|dr.|ᆫ가|ᆯ게|ᆯ까|ᆸ니다|가깝|가능|가지|감사|갑자기|거나|검사|계속|그것|그냥|그래|그래서|그런데|나요|날카롭|내려가|내려오|는지|다고|다치|둔하|따뜻|따라서|려고|먼저|무슨|무어|문제|바로|밤중|보내|보다|보이|부딪히|비교|빨갛|사라지|생기|선생|설명|시작|실험실|심하|아니|아마|아프|알리|양말|어디|어떻|어렵|어서|어요|에요|엘리베이터|오른쪽|완전히|왼쪽|위하|으로|을까요|지만|지시|체크인|통증|혈액|혹시|화장실|확실,bobby|cardano|dr.|ᆸ니다|검사|날카롭|다고|도록|상태|생기|설명|실험실|에게|에서|오른쪽|지시|통증|혈액|확인,bobby|cardano|dr.|ᆸ니다|검사|날카롭|다고|생기|설명|실험실|오른쪽|지시|통증|혈액,1|3|ᆫ가|ᆯ게|ᆯ까|가깝|가능|가지|감사|갑자기|거나|계속|그것|그냥|그래|그래서|그런데|나요|내려가|내려오|는지|다치|둔하|따뜻|따라서|려고|먼저|무슨|무어|문제|바로|밤중|보내|보다|보이|부딪히|비교|빨갛|사라지|선생|시작|심하|아니|아마|아프|알리|양말|어디|어떻|어렵|어서|어요|에요|엘리베이터|완전히|왼쪽|위하|으로|을까요|지만|체크인|혹시|화장실|확실,도록|상태|에게|에서|확인
232,dev_232,71,20,12,0.169,0.6,...|sally|sally.|tom|tom.|가끔|감당|거기|거나|거든|계산대|공부|과일|귀찮|그래|그런|그렇|그리고|끝나|나르|나무|낙엽|너무|다니|다듬|단점|려면|마당|만나|모든|모르|모으|무리|무슨|물건|바쁘|반갑|버겁|비싸|사람|선반|수업|쉬엄쉬엄|슈퍼마켓|신선|아르바이트|안녕|야외|어디|어떻|어서|어야|에게|에서|오늘|오후|위하|이웃|이제|잔디|잡초|정말|지내|채소|채우|포장|하여간|하지만|하하|학교|학비,sally|tom|ᆫ다|ᆫ다고|각자|논의|다니|단점|대하|마당|면서|사람|슈퍼마켓|아르바이트|어야|에서|위하|이야기|직업|학교,sally|tom|다니|단점|마당|사람|슈퍼마켓|아르바이트|어야|에서|위하|학교,...|sally.|tom.|가끔|감당|거기|거나|거든|계산대|공부|과일|귀찮|그래|그런|그렇|그리고|끝나|나르|나무|낙엽|너무|다듬|려면|만나|모든|모르|모으|무리|무슨|물건|바쁘|반갑|버겁|비싸|선반|수업|쉬엄쉬엄|신선|안녕|야외|어디|어떻|어서|에게|오늘|오후|이웃|이제|잔디|잡초|정말|지내|채소|채우|포장|하여간|하지만|하하|학비,ᆫ다|ᆫ다고|각자|논의|대하|면서|이야기|직업
233,dev_233,35,12,9,0.2571,0.75,가장|고대|구나|그래|그럼|그리고|내면|누구|대하|때로|루아|멋지|모무|못생기|몽광|미녀|사람|생기|수잔|아니|아름다움|어서|에서|여야|여인|역사|역시|유명|으로|존경|종리춘|중국|중요|지만|훌륭,가장|고대|대하|못생기|소개|수잔|습니다|에게|에서|여인|중국|훌륭,가장|고대|대하|못생기|수잔|에서|여인|중국|훌륭,구나|그래|그럼|그리고|내면|누구|때로|루아|멋지|모무|몽광|미녀|사람|생기|아니|아름다움|어서|여야|역사|역시|유명|으로|존경|종리춘|중요|지만,소개|습니다|에게
234,dev_234,66,18,7,0.1061,0.3889,mr.|snuffle|ᆯ지|가득|감기|거든|걸리|격리|계속|고양이|괜찮|그러면|그런|그럼|근처|기분|꽃가루|나쁘|나오|너무|농담|는데|다행|던지|데려오|땅콩|떨어지|라니|라서|먼지|면역|모르|무슨|문제|미안|반응|발자국|사무실|생각|생일|쇼크|시험|아나필락시스|아니|알레르기|야옹|어도|어떻|어야|어우|에서|오늘|우리|웃기|은데|자꾸|잖아|재채기|전체|책상|치워줘|특별|하하|한테|허츄|혼자,ᆸ니다|결국|고양이|기분|나쁘|눈물|데려오|때문|라고|밝히|상황|알레르기|어서|에게|에서|으로|의심|재채기,고양이|기분|나쁘|데려오|알레르기|에서|재채기,mr.|snuffle|ᆯ지|가득|감기|거든|걸리|격리|계속|괜찮|그러면|그런|그럼|근처|꽃가루|나오|너무|농담|는데|다행|던지|땅콩|떨어지|라니|라서|먼지|면역|모르|무슨|문제|미안|반응|발자국|사무실|생각|생일|쇼크|시험|아나필락시스|아니|야옹|어도|어떻|어야|어우|오늘|우리|웃기|은데|자꾸|잖아|전체|책상|치워줘|특별|하하|한테|허츄|혼자,ᆸ니다|결국|눈물|때문|라고|밝히|상황|어서|에게|으로|의심
235,dev_235,74,12,2,0.027,0.1667,ghost|ᆯ까|ᆯ지|가끔|감동|결혼|그거|그것|그냥|그런|그렇|그리고|그만|나서|놓치|느긋|는데|는지|당신|때문|라고|러브스토리|마다|많이|매일|모르|바쁘|밖에|벌써|보다|보이|사랑|생각|서두르|설명|시간|시작|식사|신경|십오|아마|아직|아침|얘기|어도|어렵|어서|어야|얼마나|여보|여섯|영화|오해|우리|웃기|이거|이제|자고|잖아|재촉|점점|정말|정말로|조언|좋아하|주의|준비|집안|참을성|피곤|필요|하지만|한테|화내,ᆸ니다|걱정|사랑|시키|안심|영화|을까|이상|자신|조급|지만|함께,사랑|영화,ghost|ᆯ까|ᆯ지|가끔|감동|결혼|그거|그것|그냥|그런|그렇|그리고|그만|나서|놓치|느긋|는데|는지|당신|때문|라고|러브스토리|마다|많이|매일|모르|바쁘|밖에|벌써|보다|보이|생각|서두르|설명|시간|시작|식사|신경|십오|아마|아직|아침|얘기|어도|어렵|어서|어야|얼마나|여보|여섯|오해|우리|웃기|이거|이제|자고|잖아|재촉|점점|정말|정말로|조언|좋아하|주의|준비|집안|참을성|피곤|필요|하지만|한테|화내,ᆸ니다|걱정|시키|안심|을까|이상|자신|조급|지만|함께
236,dev_236,34,9,6,0.1765,0.6667,ᆫ데|ᆯ로|ᆯ수록|가볍|가장|강하|걱정|결제|그렇|근데|깜빡|너무|다면|대나무|뚜껑|무겁|선택|세요|손잡이|알루미늄|어떤|어떻게|어요|여기|우리|으로|이거|충분|크기|포함|필요|한번|한테|현금,ᆫ다|강하|대나무|도록|도와주|뚜껑|선택|손잡이|알루미늄,강하|대나무|뚜껑|선택|손잡이|알루미늄,ᆫ데|ᆯ로|ᆯ수록|가볍|가장|걱정|결제|그렇|근데|깜빡|너무|다면|무겁|세요|어떤|어떻게|어요|여기|우리|으로|이거|충분|크기|포함|필요|한번|한테|현금,ᆫ다|도록|도와주
237,dev_237,29,7,3,0.1034,0.4286,lily|lizzy|mary|smith.|sue|가족|갑자기|구나|그냥|그녀|그런|그럼|그렇|그리고|당연히|동생|멋지|물론|물어보|방문|아빠|어느|어서|언니|언젠가|엄마|여동생|오빠|자매,lizzy|ᆫ다|가족|다고|대하|방문|에게,lizzy|가족|방문,lily|mary|smith.|sue|갑자기|구나|그냥|그녀|그런|그럼|그렇|그리고|당연히|동생|멋지|물론|물어보|아빠|어느|어서|언니|언젠가|엄마|여동생|오빠|자매,ᆫ다|다고|대하|에게
238,dev_238,25,7,3,0.12,0.4286,5|johnson|ᆫ대|가족|강아지|건망증|기억|기억나|다니|데리|돌아오|만나|버뮤다|부부|브런치|심하|아니|에서|완전히|이제|잊어버리|작년|잖아|전혀|초대,johnson|ᆫ다|가족|기억|못하|여전히|지만,johnson|가족|기억,5|ᆫ대|강아지|건망증|기억나|다니|데리|돌아오|만나|버뮤다|부부|브런치|심하|아니|에서|완전히|이제|잊어버리|작년|잖아|전혀|초대,ᆫ다|못하|여전히|지만
239,dev_239,23,8,6,0.2609,0.75,2|ᆯ까요|ᆸ니다|감사|나요|드리|때문|링컨|무엇|물론|성함|세요|시간|안개|안녕|알리|어요|예약|유지|지연|캐피탈|항공편|호텔,ᆸ니다|링컨|예약|유지|으로|지연|지원|항공편,ᆸ니다|링컨|예약|유지|지연|항공편,2|ᆯ까요|감사|나요|드리|때문|무엇|물론|성함|세요|시간|안개|안녕|알리|어요|캐피탈|호텔,으로|지원
240,dev_240,26,5,4,0.1538,0.8,ᆯ게요|ᆯ까요|ᆯ로|ᆸ니다|감사|감자|곁들이|네요|당근|드리|먼저|메인|무엇|미디엄|부탁|샐러드|세요|셰프|스테이크|습니까|시작|어떻|완두콩|요리|으로|주문,ᆸ니다|메인|요리|전채|주문,ᆸ니다|메인|요리|주문,ᆯ게요|ᆯ까요|ᆯ로|감사|감자|곁들이|네요|당근|드리|먼저|무엇|미디엄|부탁|샐러드|세요|셰프|스테이크|습니까|시작|어떻|완두콩|으로,전채
241,dev_241,55,15,6,0.1091,0.4,2|ᆫ데|ᆯ래|가죽|갈색|공항|그냥|그런|그렇게|근데|글쎄|급행|나가|내려가|놀랍|농담|늦잠|다투|당연|더라면|먼저|멍청|미안|보다|보이|비행기|빠르|빨리|서두르|소리|스트레스|시간|아니|알람|어디|어서|여기|역시|열쇠|열차|우리|으로|이런|이렇게|일부러|잖아|잘못|잠깐|주머니|지갑|지금|짜증|택시|확인|훨씬,ᆸ니다|그것|라고|려고|못하|본인|불평|서두르|아니|에게|열쇠|잘못|지갑|지만|택시,서두르|아니|열쇠|잘못|지갑|택시,2|ᆫ데|ᆯ래|가죽|갈색|공항|그냥|그런|그렇게|근데|글쎄|급행|나가|내려가|놀랍|농담|늦잠|다투|당연|더라면|먼저|멍청|미안|보다|보이|비행기|빠르|빨리|소리|스트레스|시간|알람|어디|어서|여기|역시|열차|우리|으로|이런|이렇게|일부러|잖아|잠깐|주머니|지금|짜증|확인|훨씬,ᆸ니다|그것|라고|려고|못하|본인|불평|에게|지만
242,dev_242,67,12,8,0.1194,0.6667,1|2|2012|격렬히|경기|관심|그런데|그렇|나라|남자|너무|놀랍|농구|뉴저지|는데|다른|단순|당신|당연|대하|라고|런던|몬트리올|미국인|미식축구|부딪히|부르|빠르|사람|사실|사커|생각|서로|선수|스타일|스포츠|아직|어요|에게|에서|에요|여기|여러|운동선수|유로|의미|이상|이해|이후|저희|전략|정말|조금|좋아하|지루|지만|처럼|축구|출신|토너먼트|포함|풋볼|플레이|하지만|헬멧|헷갈리|흥미,ᆸ니다|다고|대하|미식축구|생각|여기|이야기|지루|지만|차이|축구|흥미,대하|미식축구|생각|여기|지루|지만|축구|흥미,1|2|2012|격렬히|경기|관심|그런데|그렇|나라|남자|너무|놀랍|농구|뉴저지|는데|다른|단순|당신|당연|라고|런던|몬트리올|미국인|부딪히|부르|빠르|사람|사실|사커|서로|선수|스타일|스포츠|아직|어요|에게|에서|에요|여러|운동선수|유로|의미|이상|이해|이후|저희|전략|정말|조금|좋아하|처럼|출신|토너먼트|포함|풋볼|플레이|하지만|헬멧|헷갈리,ᆸ니다|다고|이야기|차이
243,dev_243,50,17,13,0.26,0.7647,1|45|9|chan|tony|ᆫ가요|ᆯ게요|ᆯ까요|ᆸ니다|가격|감사|공항|그럼|기다리|까지|나요|네요|달러|도착|드리|려고|로스앤젤레스|부탁|부터|성함|세요|습니다|시작|싱글|어떻|어떻게|어요|언제|에서|여기|예약|예정|오늘|오후|욕실|이름|저희|전화|창구|철자|택시|파크|포함|하나|호텔,9|tony|ᆸ니다|가격|공항|까지|다고|싱글|안내|에서|예약|오후|전화|준비|직원|파크|호텔,9|tony|ᆸ니다|가격|공항|까지|싱글|에서|예약|오후|전화|파크|호텔,1|45|chan|ᆫ가요|ᆯ게요|ᆯ까요|감사|그럼|기다리|나요|네요|달러|도착|드리|려고|로스앤젤레스|부탁|부터|성함|세요|습니다|시작|어떻|어떻게|어요|언제|여기|예정|오늘|욕실|이름|저희|창구|철자|택시|포함|하나,다고|안내|준비|직원
244,dev_244,94,14,8,0.0851,0.5714,10|11|2|20|tv|ᆫ가|ᆸ니다|가득|가져오|가지|감자튀김|갑자기|거실|교체|군요|그것|그냥|그때쯤|그래서|그렇|그제서야|급히|기름|기자|길래|깨닫|나가|나요|냄새|누구|는데|는지|다시|달려가|담요|대하|대화|더군요|도착|드리|들리|때문|라는|레인지|려고|마치|많이|말씀|물론|부르|부엌|불꽃|빨리|사용|선의|소리|소방관|소방서|손상|수리|습니다|시작|아.|안녕하세요|어떤|어떻|어서|어야|어요|엄마|에서|여보세요|연기|온도|올라가|완전히|외치|유닛|으려고|으로|이미|이웃|잊어버리|전체|전화|정도|질문|충분히|침대|테일러|통화|하나|한테|화재,ᆸ니다|감자튀김|다고|대처|대하|빠르|설명|소방서|에게|으며|잊어버리|질문|테일러|화재,ᆸ니다|감자튀김|대하|소방서|잊어버리|질문|테일러|화재,10|11|2|20|tv|ᆫ가|가득|가져오|가지|갑자기|거실|교체|군요|그것|그냥|그때쯤|그래서|그렇|그제서야|급히|기름|기자|길래|깨닫|나가|나요|냄새|누구|는데|는지|다시|달려가|담요|대화|더군요|도착|드리|들리|때문|라는|레인지|려고|마치|많이|말씀|물론|부르|부엌|불꽃|빨리|사용|선의|소리|소방관|손상|수리|습니다|시작|아.|안녕하세요|어떤|어떻|어서|어야|어요|엄마|에서|여보세요|연기|온도|올라가|완전히|외치|유닛|으려고|으로|이미|이웃|전체|전화|정도|충분히|침대|통화|하나|한테,다고|대처|빠르|설명|에게|으며
245,dev_245,51,12,9,0.1765,0.75,1|2|280|29|3|6|ᆫ가|ᆯ까요|ᆸ니다|감사|개월|고려|군요|그렇|까지|날짜|다른|다음|동안|드리|려고|몬터레이|무료|베이|부터|비자|생기|세요|셋째|습니까|습니다|시작|아니|안녕|어서|언제|예약|이틀|저희|전화|제공|직장|최근|최소|취소|카드|특별|할인|호텔|환불|휴가,280|ᆸ니다|구하|다고|때문|비자|예약|직장|취소|카드|호텔|환불,280|ᆸ니다|비자|예약|직장|취소|카드|호텔|환불,1|2|29|3|6|ᆫ가|ᆯ까요|감사|개월|고려|군요|그렇|까지|날짜|다른|다음|동안|드리|려고|몬터레이|무료|베이|부터|생기|세요|셋째|습니까|습니다|시작|아니|안녕|어서|언제|이틀|저희|전화|제공|최근|최소|특별|할인|휴가,구하|다고|때문
246,dev_246,84,18,10,0.119,0.5556,10|4|5|tv|ᆫ가|ᆸ니다|가지|감사|거든요|결과|경우|고맙|괜찮|교사|교수|교통|까지|나요|는데|다고|대하|대학원|드리|때로|때문|라디오|리스트|마음|며칠|무엇|발송|방송국|변화|보내|부분|부터|비슷|사랑|새벽|생각|소개|스튜디오|습니다|시절|아마|아이|아침|알리|어떻|어서|어야|어요|업무|에서|여기|연락처|오늘|원하|으며|으세요|으시|음악|응대|이메일|이유|이제|익숙|인간|인터뷰|일찍|자기|자신|적합|전화|정말|주로|직무|직장|참고인|체증|출근|평생|포함|함께,ᆸ니다|결과|경력|그리고|능력|다고|답변|대하|라디오|며칠|방송국|습니다|알리|인터뷰|전하|지원|진행|추천,ᆸ니다|결과|다고|대하|라디오|며칠|방송국|습니다|알리|인터뷰,10|4|5|tv|ᆫ가|가지|감사|거든요|경우|고맙|괜찮|교사|교수|교통|까지|나요|는데|대학원|드리|때로|때문|리스트|마음|무엇|발송|변화|보내|부분|부터|비슷|사랑|새벽|생각|소개|스튜디오|시절|아마|아이|아침|어떻|어서|어야|어요|업무|에서|여기|연락처|오늘|원하|으며|으세요|으시|음악|응대|이메일|이유|이제|익숙|인간|일찍|자기|자신|적합|전화|정말|주로|직무|직장|참고인|체증|출근|평생|포함|함께,경력|그리고|능력|답변|전하|지원|진행|추천
247,dev_247,35,10,5,0.1429,0.5,ᆫ데|ᆯ지|고양이|그래|너무|는데|돌보|마시|많이|매일|모르|물고기|보다|산책|생각|스럽|시키|아직|애완동물|얘기|어떻|어서|어야|어항|예쁘|우리|잖아|정말|준비|차라리|충성|커피|케이지|키우|하지만,ᆸ니다|고양이|선호|습니다|아직|애완동물|좋아하|준비|지만|키우,고양이|아직|애완동물|준비|키우,ᆫ데|ᆯ지|그래|너무|는데|돌보|마시|많이|매일|모르|물고기|보다|산책|생각|스럽|시키|얘기|어떻|어서|어야|어항|예쁘|우리|잖아|정말|차라리|충성|커피|케이지|하지만,ᆸ니다|선호|습니다|좋아하|지만
248,dev_248,63,19,9,0.1429,0.4737,...|30|7|tv|ᆯ게|ᆯ래|고맙|고치|괜찮|그럼|극장|근데|글로브|기다리|기분|깜빡|남자|내일|다고|다른|더 킬러|더라|라는|메이플|무섭|미안|밖에|별로|빨리|상영|생각|서부|수리|스타|신문|실버|아이고|아직|어디|어떻|언제|에서|여자|영화|영화관|오늘|완전|요금|우리|웨인|으니까|은데|인터넷|자기|잖아|재밌|전쟁|전환|좋아하|지금|코미디|편안|하루,tv|ᆸ니다|결정|고려|고장|관람|남자|당분간|라는|버리|상황|에서|여러|여자|영화|옵션|요금|인터넷|코미디,tv|남자|라는|에서|여자|영화|요금|인터넷|코미디,...|30|7|ᆯ게|ᆯ래|고맙|고치|괜찮|그럼|극장|근데|글로브|기다리|기분|깜빡|내일|다고|다른|더 킬러|더라|메이플|무섭|미안|밖에|별로|빨리|상영|생각|서부|수리|스타|신문|실버|아이고|아직|어디|어떻|언제|영화관|오늘|완전|우리|웨인|으니까|은데|자기|잖아|재밌|전쟁|전환|좋아하|지금|편안|하루,ᆸ니다|결정|고려|고장|관람|당분간|버리|상황|여러|옵션
249,dev_249,71,14,4,0.0563,0.2857,tv|가장|가지|감독|결심|계시|계획|관점|관하|광고|그거|그것|그럼|그분|기술|기회|는데|다가|도서관|많이|멋지|면서|못하|밖에|발전|배우|보다|부분|비디오|사람|사실|삼촌|성공|세상|스타|아니|아카데미|어느|어떻|어서|어요|에서|에요|영향|영화|예요|우연히|유명|으니까요|으로|으세요|으시|이나|인기|일반|자주|작업|전기|좋아하|지만|직업|최고|카메라맨|특별|프로그램|하나|학교|학생|할리우드|훈련|흥미,ᆸ니다|가장|경력|계획|대하|미래|선택|수상|습니다|에게|이야기|이유|직업|카메라맨,가장|계획|직업|카메라맨,tv|가지|감독|결심|계시|관점|관하|광고|그거|그것|그럼|그분|기술|기회|는데|다가|도서관|많이|멋지|면서|못하|밖에|발전|배우|보다|부분|비디오|사람|사실|삼촌|성공|세상|스타|아니|아카데미|어느|어떻|어서|어요|에서|에요|영향|영화|예요|우연히|유명|으니까요|으로|으세요|으시|이나|인기|일반|자주|작업|전기|좋아하|지만|최고|특별|프로그램|하나|학교|학생|할리우드|훈련|흥미,ᆸ니다|경력|대하|미래|선택|수상|습니다|에게|이야기|이유
250,dev_250,96,26,19,0.1979,0.7308,5%|9|brown|wang|ᆫ지|ᆸ니다|가격|가능|권한|귀사|귀하|그거|그런|그렇|금요일|기다리|까지|나요|내려오|너무|넘어가|네요|논의|다가오|다고|다른|다면|다시|답변|대화|동의|드리|듯이|려면|마무리|만나|만큼|말씀|매우|먼저|물꼬|물론|바라|밖에|방금|보이|본사|생각|성공|세요|스럽|습니까|습니다|실망|실현|아까|아침|양보|어느|어떤|어떻|어렵|어서|어야|어요|에게|에서|여사|여전히|요구|우리|위하|으로|이번|이윤|이제|이틀|인하|입찰|저희|적당|정도|제안|준비|줄이|지만|진심|진전|차이|충족|하루|하지만|할인|확실히|희망|힘들,5%|brown|wang|ᆸ니다|가격|기다리|너무|다고|다시|답변|므로|본사|부족|생각|어야|여사|요구|으로|인하|일정|제안|지만|추가|판단|해당|회의,5%|brown|wang|ᆸ니다|가격|기다리|너무|다고|다시|답변|본사|생각|어야|여사|요구|으로|인하|제안|지만,9|ᆫ지|가능|권한|귀사|귀하|그거|그런|그렇|금요일|까지|나요|내려오|넘어가|네요|논의|다가오|다른|다면|대화|동의|드리|듯이|려면|마무리|만나|만큼|말씀|매우|먼저|물꼬|물론|바라|밖에|방금|보이|성공|세요|스럽|습니까|습니다|실망|실현|아까|아침|양보|어느|어떤|어떻|어렵|어서|어요|에게|에서|여전히|우리|위하|이번|이윤|이제|이틀|입찰|저희|적당|정도|준비|줄이|진심|진전|차이|충족|하루|하지만|할인|확실히|희망|힘들,므로|부족|일정|추가|판단|해당|회의
251,dev_251,80,20,10,0.125,0.5,ᆫ가|ᆯ게요|가게|고르|공예|공예품|관심|괜찮|구매|궁금|그것|그런데|그럼|그렇|나라|나무|나요|네요|놀랍|다고|다른|다면|다양|대하|더라고|도매|둘러보|드리|든지|마음|말씀|모르|모으|민속|사람|사실|생각|선물|세요|수공예품|시간|아니|아주|어서|어요|언제|얼마|에게|에요|연구|예술|예술품|예요|외국인|우리|으로|으면|으세요|으시|을지|작품|전국|전문가|전통|정말|제품|조각|종이|좋아하|죄송|지만|직접|천천히|추천|친구|특별|특별히|판매|휴대|희귀,ᆸ니다|가게|공예품|라고|방문|본인|생각|선물|선택|설명|수집|예술품|외국인|위하|전문|종이|직접|추천|친구|칭찬,가게|공예품|생각|선물|예술품|외국인|종이|직접|추천|친구,ᆫ가|ᆯ게요|고르|공예|관심|괜찮|구매|궁금|그것|그런데|그럼|그렇|나라|나무|나요|네요|놀랍|다고|다른|다면|다양|대하|더라고|도매|둘러보|드리|든지|마음|말씀|모르|모으|민속|사람|사실|세요|수공예품|시간|아니|아주|어서|어요|언제|얼마|에게|에요|연구|예술|예요|우리|으로|으면|으세요|으시|을지|작품|전국|전문가|전통|정말|제품|조각|좋아하|죄송|지만|천천히|특별|특별히|판매|휴대|희귀,ᆸ니다|라고|방문|본인|선택|설명|수집|위하|전문|칭찬
252,dev_252,21,16,9,0.4286,0.5625,1|30|ane.|ᆯ게|검토|그것|그런데|끝나|너무|담당자|만나|미팅|바쁘|세금|시간|어떻|어야|오늘|장부|점심|지금,1|30|jane|ᆸ니다|검토|담당자|만나|매우|바쁘|세금|어야|오후|자고|장부|제안|지만,1|30|검토|담당자|만나|바쁘|세금|어야|장부,ane.|ᆯ게|그것|그런데|끝나|너무|미팅|시간|어떻|오늘|점심|지금,jane|ᆸ니다|매우|오후|자고|제안|지만
253,dev_253,37,12,8,0.2162,0.6667,kenmore|ᆯ까요|ᆸ니다|가격|공간|그러|그리고|기능|나요|내부|냉장고|넉넉|네요|니까|다양|드리|마음|선택|설명|세요|스펜서|습니다|아니|어떤|어떻|어서|어요|얼음|오늘|으세요|저기|저렴|정말|제조기|직접|특별히|포함,kenmore|ᆸ니다|강력|기능|냉장고|마음|살펴보|선택|설명|제품|직접|추천,kenmore|ᆸ니다|기능|냉장고|마음|선택|설명|직접,ᆯ까요|가격|공간|그러|그리고|나요|내부|넉넉|네요|니까|다양|드리|세요|스펜서|습니다|아니|어떤|어떻|어서|어요|얼음|오늘|으세요|저기|저렴|정말|제조기|특별히|포함,강력|살펴보|제품|추천
254,dev_254,45,19,15,0.3333,0.7895,jim|ᆫ다고|가르치|거든|괜찮|그거|기기|기본|기술|기억|날카롭|논리|능력|다고|덧셈|동의|때문|려고|만들|모르|무슨|발휘|배우|부분|뺄셈|사고|상상력|생각|아니|아무것|아이|약하|어서|에게|으로|의존|이나|이제|자극|잖아|정신|제대로|철자|컴퓨터|프로그램,ᆫ다|ᆫ다고|가르치|기본|기술|논리|능력|배우|사고|상상력|생각|아이|에게|으며|의존|자극|저하|지만|컴퓨터,ᆫ다고|가르치|기본|기술|논리|능력|배우|사고|상상력|생각|아이|에게|의존|자극|컴퓨터,jim|거든|괜찮|그거|기기|기억|날카롭|다고|덧셈|동의|때문|려고|만들|모르|무슨|발휘|부분|뺄셈|아니|아무것|약하|어서|으로|이나|이제|잖아|정신|제대로|철자|프로그램,ᆫ다|으며|저하|지만
255,dev_255,35,13,4,0.1143,0.3077,...|george|ᆫ대|걸치|그냥|그래|그렇|대단|마일|만리장성|멋지|상징|선택지|수천|어도|어디|어서|언덕|언제|올라가|우리|유적|은데|이어지|이천오백|잖아|재밌|저기|정말|주요|중국|처음|케이블카|해내|힘들,george|ᆫ다|감탄|대신|도달|만리장성|어서|역사|오르|자고|정상|제안|케이블카,george|만리장성|어서|케이블카,...|ᆫ대|걸치|그냥|그래|그렇|대단|마일|멋지|상징|선택지|수천|어도|어디|언덕|언제|올라가|우리|유적|은데|이어지|이천오백|잖아|재밌|저기|정말|주요|중국|처음|해내|힘들,ᆫ다|감탄|대신|도달|역사|오르|자고|정상|제안
256,dev_256,21,10,9,0.4286,0.9,15|and|bread|cheese|deli|ᆫ가|ᆯ까요|ᆸ니다|가능|달러|드리|배달|샌드위치|습니다|안녕하세요|어떻|어요|여기|음료|이상|주문,and|bread|cheese|deli|배달|샌드위치|습니다|에서|음료|주문,and|bread|cheese|deli|배달|샌드위치|습니다|음료|주문,15|ᆫ가|ᆯ까요|ᆸ니다|가능|달러|드리|안녕하세요|어떻|어요|여기|이상,에서
257,dev_257,40,9,7,0.175,0.7778,10|16|18|32|36|4|40|59|6|7|9|ᆸ니다|가격|그럼|기차|나요|도착|돌아오|런던|세요|세이버|습니다|시간|안녕|알리|어떻|어요|얼마|에요|예요|오후|왕복|은데요|이나|이전|이후|일반|저녁|티켓|파운드,ᆸ니다|구입|기차|돌아오|런던|시간|에게|왕복|일반,ᆸ니다|기차|돌아오|런던|시간|왕복|일반,10|16|18|32|36|4|40|59|6|7|9|가격|그럼|나요|도착|세요|세이버|습니다|안녕|알리|어떻|어요|얼마|에요|예요|오후|은데요|이나|이전|이후|저녁|티켓|파운드,구입|에게
258,dev_258,79,19,13,0.1646,0.6842,300|6|7|ᆯ게|ᆯ까|개월|거기|결정|경험|계획|고려|그것|근무|기간|까지|나요|높이|다니|다른|다섯|대학|라서|로펌|마다|면서|무슨|물론|미래|배우|변호사|보너스|보통|부터|사무|사무실|수습|시간|실전|심부름|아홉|안녕히 계세요|알리|어떻|어요|언제|얼마나|업무|에서|여름|여부|오후|외출|우리|월급|위하|으로|이력서|이전|이틀|이후|인상|인턴|작업|적용|전화|전화번호|점심|정도|지금|질문|차감|처음|출석|통하|평가|하루|해당|회사|휴가,ᆫ다|결정|경험|계획|근무|급여|대하|문의|미래|사무실|사항|시간|알리|업무|에게|이전|이틀|전화|하루,결정|경험|계획|근무|미래|사무실|시간|알리|업무|이전|이틀|전화|하루,300|6|7|ᆯ게|ᆯ까|개월|거기|고려|그것|기간|까지|나요|높이|다니|다른|다섯|대학|라서|로펌|마다|면서|무슨|물론|배우|변호사|보너스|보통|부터|사무|수습|실전|심부름|아홉|안녕히 계세요|어떻|어요|언제|얼마나|에서|여름|여부|오후|외출|우리|월급|위하|으로|이력서|이후|인상|인턴|작업|적용|전화번호|점심|정도|지금|질문|차감|처음|출석|통하|평가|해당|회사|휴가,ᆫ다|급여|대하|문의|사항|에게
259,dev_259,31,9,2,0.0645,0.2222,ave.|la|webtracker|ᆫ다고|가지|거든|교묘|교활|그런데|노트|는지|다니|담당자|대하|더라고|던데|만나|빠지|사람|어떻게|에서|영업|우리|잖아|제일|지만|처럼|초록색|패드|한테|함정,dave|webtracker|놀라움|다는|사실|습니다|알아내|에서|자아내,webtracker|에서,ave.|la|ᆫ다고|가지|거든|교묘|교활|그런데|노트|는지|다니|담당자|대하|더라고|던데|만나|빠지|사람|어떻게|영업|우리|잖아|제일|지만|처럼|초록색|패드|한테|함정,dave|놀라움|다는|사실|습니다|알아내|자아내
260,dev_260,26,13,5,0.1923,0.3846,거든|게임|괜찮|그래|그래도|더라|만나|비디오|빠지|사람|사실|어서|에서|완전|인기|인터넷|잖아|장점|재밌|주말|지나|진짜|친구|편하|현실|혼자,ᆸ니다|게임|보내|비디오|시간|에서|이야기|이점|주말|즐기|지나|편안|활동,게임|비디오|에서|주말|지나,거든|괜찮|그래|그래도|더라|만나|빠지|사람|사실|어서|완전|인기|인터넷|잖아|장점|재밌|진짜|친구|편하|현실|혼자,ᆸ니다|보내|시간|이야기|이점|즐기|편안|활동
261,dev_261,63,17,9,0.1429,0.5294,...|ᆫ지|ᆯ까|공기|괜찮|그래|그렇|급하|내일|너무|는데|는지|다니|대신|들어가|따르|려고|머무르|먼저|멋지|바람|보이|부터|브레멘|사냥|산책|삼촌|서두르|선선|아니|야생|어떻|어서|어쨌든|에서|여름|연못|오늘|오리|온통|와우|우리|원래|으로|으면|이나|이랑|이번|이제|잖아|잠깐|저기|저녁|점심|정말|주변|즐기|체크인|코펜하겐|푸르르|함부르크|호스텔|휴가,ᆸ니다|결정|급하|머무르|머물|보내|브레멘|습니다|시간|어서|에서|연못|오늘|원래|지만|천천히|함부르크,급하|머무르|브레멘|어서|에서|연못|오늘|원래|함부르크,...|ᆫ지|ᆯ까|공기|괜찮|그래|그렇|내일|너무|는데|는지|다니|대신|들어가|따르|려고|먼저|멋지|바람|보이|부터|사냥|산책|삼촌|서두르|선선|아니|야생|어떻|어쨌든|여름|오리|온통|와우|우리|으로|으면|이나|이랑|이번|이제|잖아|잠깐|저기|저녁|점심|정말|주변|즐기|체크인|코펜하겐|푸르르|호스텔|휴가,ᆸ니다|결정|머물|보내|습니다|시간|지만|천천히
262,dev_262,51,11,4,0.0784,0.3636,ᆯ게요|ᆸ니다|감사|거나|그럼|나요|네요|느낌|다만|당신|더라고|도시|렌트|만나|만큼|많이|멋지|모두|문화|바라|버스|베이징|별로|부럽|붐비|사람|생각|세요|시간|어떻|어야|어요|에요|여기|여름|으세요|자리|작년|전통|정말|정어리|중국|즐기|지하철|출장|출퇴근|친구|통조림|현대|활기차|휴가,ᆫ다|경험|공유|기차|다녀오|만나|베이징|에서|으로|출장|휴가,만나|베이징|출장|휴가,ᆯ게요|ᆸ니다|감사|거나|그럼|나요|네요|느낌|다만|당신|더라고|도시|렌트|만큼|많이|멋지|모두|문화|바라|버스|별로|부럽|붐비|사람|생각|세요|시간|어떻|어야|어요|에요|여기|여름|으세요|자리|작년|전통|정말|정어리|중국|즐기|지하철|출퇴근|친구|통조림|현대|활기차,ᆫ다|경험|공유|기차|다녀오|에서|으로
263,dev_263,27,10,5,0.1852,0.5,그래|그런데|까지|끝내|너무|는데|많이|무리|무슨|보람|보이|사장|승진|아침|야근|어렵|어야|엄청|열심히|오늘|요즘|원하|이제|잖아|진짜|프로젝트|피곤,결과|기대|보이|승진|야근|으로|인하|최근|프로젝트|피곤,보이|승진|야근|프로젝트|피곤,그래|그런데|까지|끝내|너무|는데|많이|무리|무슨|보람|사장|아침|어렵|어야|엄청|열심히|오늘|요즘|원하|이제|잖아|진짜,결과|기대|으로|인하|최근
264,dev_264,40,11,7,0.175,0.6364,ᆫ가|ᆯ게|가꾸|관심사|군사|그래|날씨|너무|돌보|룸바|매일|배우|별로|비싸|사진|수집|시간|식물|아니|어떤|어렵|여가|여행|우리|우표|으면|이랑|잔디|재미있|정원|좋아하|중국|지식|체스|체커나|춤추|취미|탱고|하지만|훨씬,ᆸ니다|가꾸|대하|수집|우표|이야기|정원|좋아하|즐기|체스|취미,가꾸|수집|우표|정원|좋아하|체스|취미,ᆫ가|ᆯ게|관심사|군사|그래|날씨|너무|돌보|룸바|매일|배우|별로|비싸|사진|시간|식물|아니|어떤|어렵|여가|여행|우리|으면|이랑|잔디|재미있|중국|지식|체커나|춤추|탱고|하지만|훨씬,ᆸ니다|대하|이야기|즐기
265,dev_265,11,6,2,0.1818,0.3333,ᆯ지|결정|계획|고맙|도요|보내|세요|아직|어요|주말|특별,계획|대하|상황|습니다|이야기|주말,계획|주말,ᆯ지|결정|고맙|도요|보내|세요|아직|어요|특별,대하|상황|습니다|이야기
266,dev_266,47,10,4,0.0851,0.4,...|ᆯ게요|ᆯ로|ᆸ니다|가격|가성비|거든요|결제|고객|구매|그냥|그럼|그렇|기능|나무|나요|다른|다면|대신|더라고|려고|만들|만족|많이|물론|보이|부분|비싸|세요|수표|신문|아침|어느|어요|에서|예요|용도|음질|이것|저렴|저렴하|조절|주방|지만|차이점|플라스틱|훨씬,ᆸ니다|결정|구매|도록|도움|비교|수표|에게|저렴하|제품,ᆸ니다|구매|수표|저렴하,...|ᆯ게요|ᆯ로|가격|가성비|거든요|결제|고객|그냥|그럼|그렇|기능|나무|나요|다른|다면|대신|더라고|려고|만들|만족|많이|물론|보이|부분|비싸|세요|신문|아침|어느|어요|에서|예요|용도|음질|이것|저렴|조절|주방|지만|차이점|플라스틱|훨씬,결정|도록|도움|비교|에게|제품
267,dev_267,36,12,4,0.1111,0.3333,liu|miss|ᆯ게|고맙|그렇|그루|기분|나무|노란색|녹나무|느끼|는구나|당연|도시|많이|멋지|모란꽃|보이|빨간색|빨갛|사진|소리|식물원|아름답|에서|여기|오늘|음악|이리|자연|저것|저기|정말|좋아하|주목|친절,liu|miss|ᆸ니다|다고|도와주|방문|사진|식물원|으며|즐기|촬영|풍경,liu|miss|사진|식물원,ᆯ게|고맙|그렇|그루|기분|나무|노란색|녹나무|느끼|는구나|당연|도시|많이|멋지|모란꽃|보이|빨간색|빨갛|소리|아름답|에서|여기|오늘|음악|이리|자연|저것|저기|정말|좋아하|주목|친절,ᆸ니다|다고|도와주|방문|으며|즐기|촬영|풍경
268,dev_268,36,10,5,0.1389,0.5,#phonenumber|#입니다|ᆫ가|ᆯ까요|ᆸ니다|가지|감사|결정|관심|그렇|그리고|기다리|까지|다면|다음|대하|드리|든지|바쁘|세요|습니다|시간|아니|안녕히 계세요|어도|어서|언제|여기|연락|인터뷰|일정|전화|전화번호|직업|최종|필요,ᆸ니다|결정|다고|알리|에게|위하|인터뷰|전화|종료|최종,ᆸ니다|결정|인터뷰|전화|최종,#phonenumber|#입니다|ᆫ가|ᆯ까요|가지|감사|관심|그렇|그리고|기다리|까지|다면|다음|대하|드리|든지|바쁘|세요|습니다|시간|아니|안녕히 계세요|어도|어서|언제|여기|연락|일정|전화번호|직업|필요,다고|알리|에게|위하|종료
269,dev_269,37,15,10,0.2703,0.6667,ᆯ게요|검토|고객|그렇|그리고|기록|끝나|다면|다음|돌리|모두|물론|바로|사용|샹그릴라 호텔|숙박|습니다|시키|안건|안녕|어디|어떻|어서|어요|연락처|우리|을까요|정보|좋아하|준비|책상|처리|초대|출력|항상|홀리데이|회의,ᆸ니다|고객|기록|끝나|다음|도록|안건|에게|연락처|작업|지시|책상|초대|출력|회의,고객|기록|끝나|다음|안건|연락처|책상|초대|출력|회의,ᆯ게요|검토|그렇|그리고|다면|돌리|모두|물론|바로|사용|샹그릴라 호텔|숙박|습니다|시키|안녕|어디|어떻|어서|어요|우리|을까요|정보|좋아하|준비|처리|항상|홀리데이,ᆸ니다|도록|에게|작업|지시
270,dev_270,32,11,7,0.2188,0.6364,ᆫ가|ᆯ래요|군데|그것|그래도|그럼|나요|는지|면허|부분|부족|살짝|시험|실수|알리|어디|어려움|어렵|어요|에서|연습|예요|운전|을까요|이번|정말|주차|평행|필요|한테|합격|확실히,ᆸ니다|시험|약간|어려움|에서|운전|으며|주차|지적|평행|합격,시험|어려움|에서|운전|주차|평행|합격,ᆫ가|ᆯ래요|군데|그것|그래도|그럼|나요|는지|면허|부분|부족|살짝|실수|알리|어디|어렵|어요|연습|예요|을까요|이번|정말|필요|한테|확실히,ᆸ니다|약간|으며|지적
271,dev_271,20,8,4,0.2,0.5,10|50|50%|ᆫ가요|ᆸ니다|나요|달러|무료|물론|박물관|습니다|안내서|어디|어서|얼마|여기|예요|입장료|학생|할인,구매|도움|박물관|습니다|안내서|으로|티켓|학생,박물관|습니다|안내서|학생,10|50|50%|ᆫ가요|ᆸ니다|나요|달러|무료|물론|어디|어서|얼마|여기|예요|입장료|할인,구매|도움|으로|티켓
272,dev_272,32,12,6,0.1875,0.5,15|16|2|ᆯ지|감사|그거|그것|그렇|기다리|기차역|까지|나요|다른|려면|마다|버스|알리|어도|어디|어떤|어야|어요|얼마나|여기|예요|오래|으로|을까요|자주|저기|정류장|천만에요,16|2|ᆫ다고|ᆸ니다|간격|기차역|까지|버스|알리|에게|지만|추천,16|2|기차역|까지|버스|알리,15|ᆯ지|감사|그거|그것|그렇|기다리|나요|다른|려면|마다|어도|어디|어떤|어야|어요|얼마나|여기|예요|오래|으로|을까요|자주|저기|정류장|천만에요,ᆫ다고|ᆸ니다|간격|에게|지만|추천
273,dev_273,22,12,4,0.1818,0.3333,그런|글쎄|기다리|까지|내리|너무|다고|다음|라고|모르|미안|버스|빨리|생각|어디|어야|여기|우리|일찍|잖아|잘못|정류장,ᆸ니다|내리|버스|불만|사과|습니다|에게|에서|잘못|정류장|제기|함께,내리|버스|잘못|정류장,그런|글쎄|기다리|까지|너무|다고|다음|라고|모르|미안|빨리|생각|어디|어야|여기|우리|일찍|잖아,ᆸ니다|불만|사과|습니다|에게|에서|제기|함께
274,dev_274,49,16,9,0.1837,0.5625,38|840|ᆫ가|ᆯ게요|가구|가능|갖추|거기|계약|고려|공과금|광고|그거|그래서|나오|나요|뉴욕|는데|다만|달러|던데|동쪽|드리|라고|말씀|문제없|바로|반환|별도|보증금|습니다|아파트|어느|어서|어요|에서|예요|월세|위치|입주|저희|진지하|짜리|침실|타임즈|필요|하나|하지만|한테,ᆸ니다|가구|계약|광고|나오|논의|대하|문의|사람|상태|아파트|월세|위치|조건|짜리|침실,가구|계약|광고|나오|아파트|월세|위치|짜리|침실,38|840|ᆫ가|ᆯ게요|가능|갖추|거기|고려|공과금|그거|그래서|나요|뉴욕|는데|다만|달러|던데|동쪽|드리|라고|말씀|문제없|바로|반환|별도|보증금|습니다|어느|어서|어요|에서|예요|입주|저희|진지하|타임즈|필요|하나|하지만|한테,ᆸ니다|논의|대하|문의|사람|상태|조건
275,dev_275,34,8,4,0.1176,0.5,ᆫ가요|ᆸ니다|간단하|감사|검색|구역|그럼|그렇게|기다리|나요|는데|대기|맡기|보안|보이|비행기|손가방|습니다|아니요|어떻|어요|에서|여기|으시|이것|저기|정말|처음|체크인|출발|카운터|탑승권|통과|티켓,ᆸ니다|비행기|안내|에게|이용자|절차|처음|체크인,ᆸ니다|비행기|처음|체크인,ᆫ가요|간단하|감사|검색|구역|그럼|그렇게|기다리|나요|는데|대기|맡기|보안|보이|손가방|습니다|아니요|어떻|어요|에서|여기|으시|이것|저기|정말|출발|카운터|탑승권|통과|티켓,안내|에게|이용자|절차
276,dev_276,63,12,6,0.0952,0.5,30|30%|li|miss|ᆯ까요|가장|경력|고위|관리직|귀사|그것|그런|근무|까지|네요|다고|도록|도와주|돌아가|또한|많이|목표|문제|바쁘|별로|보내|보상|비슷|생각|세계|수당|시간|아시|약속|어떻|어서|어시스턴트|어요|업무|에서|여기|역할|예요|올라가|우리|으로|일과|일반|자면|전화|중개|지금|지만|지원|직장|처리|체계|초과|컴퓨터|통화|하나|하루|회사,li|miss|ᆸ니다|경력|대하|목표|설명|소개|업무|일상|자신|회사,li|miss|경력|목표|업무|회사,30|30%|ᆯ까요|가장|고위|관리직|귀사|그것|그런|근무|까지|네요|다고|도록|도와주|돌아가|또한|많이|문제|바쁘|별로|보내|보상|비슷|생각|세계|수당|시간|아시|약속|어떻|어서|어시스턴트|어요|에서|여기|역할|예요|올라가|우리|으로|일과|일반|자면|전화|중개|지금|지만|지원|직장|처리|체계|초과|컴퓨터|통화|하나|하루,ᆸ니다|대하|설명|소개|일상|자신
277,dev_277,29,9,7,0.2414,0.7778,11|3|ᆫ데|가능|고속|괜찮|금요일|나요|밖에|설치|습니다|시간|어떤|어떻|어야|어요|예약|완전히|우리|으면|으세요|이번|인터넷|일찍|조금|죄송|지금|지만|토요일,11|고속|설치|습니다|어서|예약|원하|인터넷|토요일,11|고속|설치|습니다|예약|인터넷|토요일,3|ᆫ데|가능|괜찮|금요일|나요|밖에|시간|어떤|어떻|어야|어요|완전히|우리|으면|으세요|이번|일찍|조금|죄송|지금|지만,어서|원하
278,dev_278,30,10,3,0.1,0.3,ᆫ지|규칙|그래|그런|그렇|근데|깜빡|나가|넘어가|니까|다고|라고|모르|상관없|생각|시간|아니|얘기|어야|어쨌든|은지|이렇|잘못|전화|존중|지금|진짜|쫓아내|필요|핑계,ᆸ니다|경고|경우|다고|다시|불만|습니다|없이|전화|쫓아내,다고|전화|쫓아내,ᆫ지|규칙|그래|그런|그렇|근데|깜빡|나가|넘어가|니까|라고|모르|상관없|생각|시간|아니|얘기|어야|어쨌든|은지|이렇|잘못|존중|지금|진짜|필요|핑계,ᆸ니다|경고|경우|다시|불만|습니다|없이
279,dev_279,32,7,1,0.0312,0.1429,ᆫ다니까|ᆯ지|같이|거리|공짜|과장|그리고|근데|급식소|끔찍|너무|다시|도망가|마시|마치|막히|만큼|맛있|먼저|모르|무료|바다|바닷물|병원|빠지|어서|에서|을걸|이거|이제|정말|처럼,ᆸ니다|계속|끓이|마시|싫어하|에게|지만,마시,ᆫ다니까|ᆯ지|같이|거리|공짜|과장|그리고|근데|급식소|끔찍|너무|다시|도망가|마치|막히|만큼|맛있|먼저|모르|무료|바다|바닷물|병원|빠지|어서|에서|을걸|이거|이제|정말|처럼,ᆸ니다|계속|끓이|싫어하|에게|지만
280,dev_280,91,15,9,0.0989,0.6,32|8|9|ᆫ지|가장|각각|강력|거든|거리|게임|격렬하|경호원|공간|공적|궁전|귀족|규칙|그래|그렇|그렇지|그리고|너무|논리|능력|다고|다는|다른|달리|당하|도달|도망가|뚜렷|라고|라면|마시|마지막|머무르|모두|모르|병사|보다|보드|보이|부여|비숍|사가|사람|사용|사회|상대|생각|성과|숫자|승급|아주|양쪽|어떻|어서|어야|어야지|에게|에서|여덟|여성|여왕|여자|움직이|유능|유럽|으로|이거|이나|이렇|잖아|장군|장기|전투|중국인|중세|지만|지위|지휘관|진정|진행|차이점|체스|체스판|체크|친구|커버|훨씬,ᆫ다|ᆫ다고|공간|규칙|논리|대하|라고|생각|에서|이야기|장기|제공|차이점|체스|평가,공간|규칙|논리|라고|생각|에서|장기|차이점|체스,32|8|9|ᆫ지|가장|각각|강력|거든|거리|게임|격렬하|경호원|공적|궁전|귀족|그래|그렇|그렇지|그리고|너무|능력|다고|다는|다른|달리|당하|도달|도망가|뚜렷|라면|마시|마지막|머무르|모두|모르|병사|보다|보드|보이|부여|비숍|사가|사람|사용|사회|상대|성과|숫자|승급|아주|양쪽|어떻|어서|어야|어야지|에게|여덟|여성|여왕|여자|움직이|유능|유럽|으로|이거|이나|이렇|잖아|장군|전투|중국인|중세|지만|지위|지휘관|진정|진행|체스판|체크|친구|커버|훨씬,ᆫ다|ᆫ다고|대하|이야기|제공|평가
281,dev_281,16,4,1,0.0625,0.25,9|ᆫ가|네요|려면|만나|사람|생각|어요|었었|여기|예요|우리|자마자|지난주|최고|토요일,다시|만나|식료품점|에서,만나,9|ᆫ가|네요|려면|사람|생각|어요|었었|여기|예요|우리|자마자|지난주|최고|토요일,다시|식료품점|에서
282,dev_282,78,21,6,0.0769,0.2857,1500|2|20|3|5|50|750|990|ᆯ게|ᆯ까|가격|가능|가방|걱정|게다가|결혼식|괜찮|궁금하|그런데|그럼|그리고|나이|는데|니까|다고|다는|다르|다른|다음|달러|당장|대신|동안|디자이너|따르|마음|매주|머버리|메리|모르|물론|빌리|사업|상태|새롭|스토어|시간|시작|아니|어떻|어떻게|어야|어차피|에서|여유|온라인|우리|우편|으니까|으로|으면|을까|이나|이제|잖아|전화|제인|좋아|주문|주일|지금|지만|직접|토요일|하나|하이어|할인|핸드백,ᆫ다|결혼식|구매|그녀|대안|대여|려고|메리|비용|서비스|설명|시도|어의|에게|으로|제안|제인|지만|하이|핸드백|효율,결혼식|메리|으로|제인|지만|핸드백,1500|2|20|3|5|50|750|990|ᆯ게|ᆯ까|가격|가능|가방|걱정|게다가|괜찮|궁금하|그런데|그럼|그리고|나이|는데|니까|다고|다는|다르|다른|다음|달러|당장|대신|동안|디자이너|따르|마음|매주|머버리|모르|물론|빌리|사업|상태|새롭|스토어|시간|시작|아니|어떻|어떻게|어야|어차피|에서|여유|온라인|우리|우편|으니까|으면|을까|이나|이제|잖아|전화|좋아|주문|주일|지금|직접|토요일|하나|하이어|할인,ᆫ다|구매|그녀|대안|대여|려고|비용|서비스|설명|시도|어의|에게|제안|하이|효율
283,dev_283,40,16,10,0.25,0.625,elsa|gerard|hogan|mike|tobin|ᆯ게요|ᆸ니다|감사|괜찮|그렇|근데|나요|뉴욕|담배|더라고|드리|만나|바꾸|반갑|방금|복도|사람|세요|아니|아니요|안녕|어서|어요|에요|여기|연기|으세요|이것|이름|자리|저기|창가|출신|플로리다|피우,elsa|gerard|hogan|mike|tobin|과정|나누|담배|바꾸|에서|연기|위하|인사|자리|창가|피하,elsa|gerard|hogan|mike|tobin|담배|바꾸|연기|자리|창가,ᆯ게요|ᆸ니다|감사|괜찮|그렇|근데|나요|뉴욕|더라고|드리|만나|반갑|방금|복도|사람|세요|아니|아니요|안녕|어서|어요|에요|여기|으세요|이것|이름|저기|출신|플로리다|피우,과정|나누|에서|위하|인사|피하
284,dev_284,120,25,19,0.1583,0.76,benzes|jennifer|ᆫ다고|ᆫ다면|ᆸ니다|가볍|가족|간단|갈등|감사|게스트|게요|결국|결혼|경우|고군분투|고통|교체|구하|군요|그것|그러면|그렇|나누|나요|노력|니까요|다고|다른|다면|다시|다투|당신|대부분|대하|더욱|도록|도와주|든지|따르|라고|라는|라도|만들|말씀|면서|무엇|문제|물론|미래|미치|바꾸|바라|배우자|보다|부모|비용|사람|사랑|사회|상실|생각|설명|세요|세우|습니다|시작|신발|싸우|아니|아이|아픔|어떻|어떻게|어리|어서|어야|어요|어쨌든|언제나|에게|에요|여러분|여론|영향|예요|오늘|우리|위로|위하|유명|유일|으면|이야기|이해|이혼|인지|인하|잊히|자는|자신|잖아요|저희|조사|종일|중요|처럼|최근|타이어|퍼지|필요|하루|하지만|함께|해결|해결책|해롭|혜택|확실히|힘들,benzes|jennifer|ᆸ니다|결혼|관객|그녀|다고|대하|바라|반대|비난|사람|사회|생각|설명|습니다|아이|에게|영향|유지|이해|이혼|인하|자신|지만,benzes|jennifer|ᆸ니다|결혼|다고|대하|바라|사람|사회|생각|설명|습니다|아이|에게|영향|이해|이혼|인하|자신,ᆫ다고|ᆫ다면|가볍|가족|간단|갈등|감사|게스트|게요|결국|경우|고군분투|고통|교체|구하|군요|그것|그러면|그렇|나누|나요|노력|니까요|다른|다면|다시|다투|당신|대부분|더욱|도록|도와주|든지|따르|라고|라는|라도|만들|말씀|면서|무엇|문제|물론|미래|미치|바꾸|배우자|보다|부모|비용|사랑|상실|세요|세우|시작|신발|싸우|아니|아픔|어떻|어떻게|어리|어서|어야|어요|어쨌든|언제나|에요|여러분|여론|예요|오늘|우리|위로|위하|유명|유일|으면|이야기|인지|잊히|자는|잖아요|저희|조사|종일|중요|처럼|최근|타이어|퍼지|필요|하루|하지만|함께|해결|해결책|해롭|혜택|확실히|힘들,관객|그녀|반대|비난|유지|지만
285,dev_285,43,14,11,0.2558,0.7857,...|거든|고맙|고장|고치|공연|근데|금요일|기타|까지|너무|는데|동생|라서|마트|바쁘|밖에|밴드|빌리|빨리|사람|아직|어야|엄마|었었|에서|연습|연주|오늘|왼손|왼손잡이|우리|월요일|위하|으로|으면|이번|이틀|잖아|주로|지난주|퇴근|티나,고장|고치|기타|너무|바쁘|밴드|빨리|습니다|어서|연습|이번|지난주|지만|티나,고장|고치|기타|너무|바쁘|밴드|빨리|연습|이번|지난주|티나,...|거든|고맙|공연|근데|금요일|까지|는데|동생|라서|마트|밖에|빌리|사람|아직|어야|엄마|었었|에서|연주|오늘|왼손|왼손잡이|우리|월요일|위하|으로|으면|이틀|잖아|주로|퇴근,습니다|어서|지만
286,dev_286,50,13,9,0.18,0.6923,ᆫ다면|ᆯ지|거든|고맙|과학|과학자|관련|구나|구하|그나저나|그래서|나오|논의|다음|대상|대하|대학교|더라|돌파구|드디어|려고|만들|멋지|모르|박사|발견|복제|사기업|사람|생각|실험|어디|어떤|어야|에서|여럿|연구|요즘|유전자|유전학|의학|이제|자원|정말|직장|축하|투자|필요|학위|회사,ᆫ다|관하|대학교|박사|사기업|에서|연구|유전자|유전학|이나|제안|직장|학위,대학교|박사|사기업|에서|연구|유전자|유전학|직장|학위,ᆫ다면|ᆯ지|거든|고맙|과학|과학자|관련|구나|구하|그나저나|그래서|나오|논의|다음|대상|대하|더라|돌파구|드디어|려고|만들|멋지|모르|발견|복제|사람|생각|실험|어디|어떤|어야|여럿|요즘|의학|이제|자원|정말|축하|투자|필요|회사,ᆫ다|관하|이나|제안
287,dev_287,48,15,9,0.1875,0.6,cuervo|gold|ᆯ까요|ᆯ지|ᆸ니다|가장|게시|그거|나요|네요|는지|다양|동안|드리|레스토랑|리스트|마가리타|무엇|바로|보드|보이|부탁|블렌드|생각|세요|소금|스페셜|습니다|아니|알리|어도|어디|어요|얼음|없이|에서|와인|을까요|음료|인기|저녁|저희|제공|주문|추천|하나|하우스|혼합,cuervo|gold|ᆸ니다|가지|라고|마가리타|소금|어다|얼음|없이|올리|요청|으로|주문|추천,cuervo|gold|ᆸ니다|마가리타|소금|얼음|없이|주문|추천,ᆯ까요|ᆯ지|가장|게시|그거|나요|네요|는지|다양|동안|드리|레스토랑|리스트|무엇|바로|보드|보이|부탁|블렌드|생각|세요|스페셜|습니다|아니|알리|어도|어디|어요|에서|와인|을까요|음료|인기|저녁|저희|제공|하나|하우스|혼합,가지|라고|어다|올리|요청|으로
288,dev_288,35,19,8,0.2286,0.4211,78|ᆫ데|가르치|귀엽|그리고|근데|금방|남미|다니|다른|대신|라고|라도|만들|부터|사람|생각|아니|어서|어야|에게|에서|에이|영어|으러|이민|읽기|자원|잖아|저녁|정말|좋아하|천천히|친구|학교,78|ᆸ니다|가르치|과제|남미|라고|문맹|부탁|생각|수락|어렵|에게|으로|저녁|조건|준비|지만|출신|친구,78|가르치|남미|라고|생각|에게|저녁|친구,ᆫ데|귀엽|그리고|근데|금방|다니|다른|대신|라도|만들|부터|사람|아니|어서|어야|에서|에이|영어|으러|이민|읽기|자원|잖아|정말|좋아하|천천히|학교,ᆸ니다|과제|문맹|부탁|수락|어렵|으로|조건|준비|지만|출신
289,dev_289,91,25,14,0.1538,0.56,..|...|815|ica.|onica.|teven.|ver|veron|veronica|ᆫ가|ᆫ지|ᆯ게|ᆯ래|ᆸ니다|거짓말|걱정|결혼|관계|그녀|그래|그렇게|기다리|까지|끝나|나요|남자|농담|누구|다고|다시|돌아가|떠나|라고|라는|로스앤젤레스|마음|마지막|모든|모르|못하|미안|미워하|버리|보상|사랑|사이|생각|소중히|속이|솔직|솔직히|시기|아니|아무것|안내|약속|얘기|어떻게|어야|어요|에게|에서|여기|여러|우리|위험|을까|이루|이상|이제|인도|인하|일어나|임무|자기|잠깐|죄송|지금|지만|질리|최고|최악|탑승|하이데라바드|하지만|한결같|한순간|함께|항공편|항상|힘들,steven|veronica|ᆸ니다|거절|거짓말|결국|결혼|공항|나타나|느끼|다고|때문|로스앤젤레스|비행기|습니다|어서|에게|에서|이상|인도|임무|자고|지만|하이데라바드|함께,veronica|ᆸ니다|거짓말|결혼|다고|로스앤젤레스|에게|에서|이상|인도|임무|지만|하이데라바드|함께,..|...|815|ica.|onica.|teven.|ver|veron|ᆫ가|ᆫ지|ᆯ게|ᆯ래|걱정|관계|그녀|그래|그렇게|기다리|까지|끝나|나요|남자|농담|누구|다시|돌아가|떠나|라고|라는|마음|마지막|모든|모르|못하|미안|미워하|버리|보상|사랑|사이|생각|소중히|속이|솔직|솔직히|시기|아니|아무것|안내|약속|얘기|어떻게|어야|어요|여기|여러|우리|위험|을까|이루|이제|인하|일어나|자기|잠깐|죄송|지금|질리|최고|최악|탑승|하지만|한결같|한순간|항공편|항상|힘들,steven|거절|결국|공항|나타나|느끼|때문|비행기|습니다|어서|자고
290,dev_290,42,8,3,0.0714,0.375,ᆯ까요|ᆸ니다|가슴|가운|계세|그렇|기대|깊이|끝나|나요|내뱉|높이|다가|다음|도록|들이쉬|라고|문제|쉴드|스럽|습니다|아주|어깨|어디|어떻|어서|어야|어요|엑스레이|여기|열리|올리|위쪽|으러|으세요|으시|이렇|이제|자연|필름|허리|현상,ᆸ니다|가슴|단계|따르|안내|엑스레이|으로|촬영,ᆸ니다|가슴|엑스레이,ᆯ까요|가운|계세|그렇|기대|깊이|끝나|나요|내뱉|높이|다가|다음|도록|들이쉬|라고|문제|쉴드|스럽|습니다|아주|어깨|어디|어떻|어서|어야|어요|여기|열리|올리|위쪽|으러|으세요|으시|이렇|이제|자연|필름|허리|현상,단계|따르|안내|으로|촬영
291,dev_291,28,9,5,0.1786,0.5556,5|coors|corona|light|ᆯ래|가장|견디|그래|더위|마르|마시|많이|맥주|버리|버티|병원|시간|아래|어야|어쨌든|오늘|오후|우리|유머|정말|조언|피하|햇볕,mark|ᆫ다|더위|라고|마시|많이|맥주|불평|조언,더위|마시|많이|맥주|조언,5|coors|corona|light|ᆯ래|가장|견디|그래|마르|버리|버티|병원|시간|아래|어야|어쨌든|오늘|오후|우리|유머|정말|피하|햇볕,mark|ᆫ다|라고|불평
292,dev_292,46,20,11,0.2391,0.55,80|ᆯ까|가게|거대|결정|그냥|그런|그렇게|끔찍|나가|나뉘|나쁘|년대|는데|다고|동물|동물원|들어가|만화|모든|모르|무슨|보이|셔츠|소리|스타일|아니|아이고|어서|에서|여기|예쁘|우리|웃기|으로|을까|을지|자기|잖아|절대|정말|좋아하|진열대|찾아보|처럼|현대,80|ᆫ다고|ᆸ니다|가게|결국|결정|끔찍|년대|느끼|보이|생각|선호|셔츠|스타일|습니다|자신|좋아하|지만|찾아보|현대,80|가게|결정|끔찍|년대|보이|셔츠|스타일|좋아하|찾아보|현대,ᆯ까|거대|그냥|그런|그렇게|나가|나뉘|나쁘|는데|다고|동물|동물원|들어가|만화|모든|모르|무슨|소리|아니|아이고|어서|에서|여기|예쁘|우리|웃기|으로|을까|을지|자기|잖아|절대|정말|진열대|처럼,ᆫ다고|ᆸ니다|결국|느끼|생각|선호|습니다|자신|지만
293,dev_293,62,20,11,0.1774,0.55,henry|mr.|가족|거기|거든|그때|그래서|그런|그런데|근처|금방|급하|끔찍|나오|넘어가|놀라|는데|다고|다는|다음|다행히|더니|도착|동안|뛰어가|려고|모르|무섭|무슨|바로|버리|벌어지|빠지|생각|수업|수영|수영장|순간|시간|실수|아내|아니|아들|아무|알아채|어서|엄청|었었|우리|원래|위험|으라고|으로|이랑|이미|자리|자마자|정말|주말|지나|토요일|혼자,henry|mr.|ᆸ니다|구하|끔찍|대하|모르|빠지|사고|수영|수영장|습니다|아들|었었|에게|에서|이야기|주말|지나|지만,henry|mr.|끔찍|모르|빠지|수영|수영장|아들|었었|주말|지나,가족|거기|거든|그때|그래서|그런|그런데|근처|금방|급하|나오|넘어가|놀라|는데|다고|다는|다음|다행히|더니|도착|동안|뛰어가|려고|무섭|무슨|바로|버리|벌어지|생각|수업|순간|시간|실수|아내|아니|아무|알아채|어서|엄청|우리|원래|위험|으라고|으로|이랑|이미|자리|자마자|정말|토요일|혼자,ᆸ니다|구하|대하|사고|습니다|에게|에서|이야기|지만
294,dev_294,45,11,4,0.0889,0.3636,ᆸ니다|감사|고용|그냥|그러면|그럼|네요|다행|돌보|돌아오|드리|많이|며칠|복귀|사람|상태|생각|생기|세요|스럽|시간|아들|어떻|어머니|어머님|어서|어야|어요|언제|에요|여유|예요|요즘|으세요|으시|은데|일주일|일터|정도|정말|존경|직접|착하|청소|평범,ᆸ니다|고용|고집|다고|도우미|라고|상태|스스로|어머니|제안|지만,ᆸ니다|고용|상태|어머니,감사|그냥|그러면|그럼|네요|다행|돌보|돌아오|드리|많이|며칠|복귀|사람|생각|생기|세요|스럽|시간|아들|어떻|어머님|어서|어야|어요|언제|에요|여유|예요|요즘|으세요|으시|은데|일주일|일터|정도|정말|존경|직접|착하|청소|평범,고집|다고|도우미|라고|스스로|제안|지만
295,dev_295,35,12,6,0.1714,0.5,20|6|garage|jimmy|거기|걸리|경력|고맙|그나|그럼|는데|능하|다른|문제|보통|수리|시동|아침|어떻|어서|예약|오래|을까|이후|자주|전화|정비소|제대로|지금|지나|특히|한가|항상|해결|회사,garage|gina|jimmy|ᆸ니다|걸리|수리|시동|아침|에게|에서|으라고|추천,garage|jimmy|걸리|수리|시동|아침,20|6|거기|경력|고맙|그나|그럼|는데|능하|다른|문제|보통|어떻|어서|예약|오래|을까|이후|자주|전화|정비소|제대로|지금|지나|특히|한가|항상|해결|회사,gina|ᆸ니다|에게|에서|으라고|추천
296,dev_296,40,16,8,0.2,0.5,1900|거기|걱정|계획|국제|그런데|그렇|근데|내일|년대|다면|둘러보|런던|모던|모르|미술|바꾸|박물관|방문객|보통|부터|붐비|사람|아니|아이|어떻|어서|어제|오늘|으니까|을지|이미|인기|작품|친구|케임브리지|테이트|평일|하지만|현대,ᆫ다|관람|다고|모던|므로|미술|방문|어제|이미|작품|제안|지만|추천|케임브리지|테이트|현대,모던|미술|어제|이미|작품|케임브리지|테이트|현대,1900|거기|걱정|계획|국제|그런데|그렇|근데|내일|년대|다면|둘러보|런던|모르|바꾸|박물관|방문객|보통|부터|붐비|사람|아니|아이|어떻|어서|오늘|으니까|을지|인기|친구|평일|하지만,ᆫ다|관람|다고|므로|방문|제안|지만|추천
297,dev_297,33,12,5,0.1515,0.4167,bran|brandon|don.|mrs.|기말고사|기쁘|기억|긴장|낙제|네요|덕분|때문|많이|배우|별로|수업|시험|안녕하세요|어떻|어렵|어요|에서|영어|예요|오늘|우리|으니|정말|지금|지내|지만|직장|학생,brandon|mrs.|ᆸ니다|고사|과거|기말|다고|수업|에게|오늘|직장|회상,brandon|mrs.|수업|오늘|직장,bran|don.|기말고사|기쁘|기억|긴장|낙제|네요|덕분|때문|많이|배우|별로|시험|안녕하세요|어떻|어렵|어요|에서|영어|예요|우리|으니|정말|지금|지내|지만|학생,ᆸ니다|고사|과거|기말|다고|에게|회상
298,dev_298,41,11,5,0.122,0.4545,...|11|2|30|ᆯ게|게임|고맙|그래|그렇|나중|내일|너무|니까|다른|모르|몰입|바쁘|보이|부터|브런치|빠지|새벽|생각|시간|시도|아마|얘기|어서|어젯밤|오전|일어나|정말|줄이|중요|지금|진짜|찾아보|컴퓨터|피곤|항상|힘들,ᆸ니다|게임|까지|다른|빠지|습니다|에게|으라고|일어나|제안|컴퓨터,게임|다른|빠지|일어나|컴퓨터,...|11|2|30|ᆯ게|고맙|그래|그렇|나중|내일|너무|니까|모르|몰입|바쁘|보이|부터|브런치|새벽|생각|시간|시도|아마|얘기|어서|어젯밤|오전|정말|줄이|중요|지금|진짜|찾아보|피곤|항상|힘들,ᆸ니다|까지|습니다|에게|으라고|제안
299,dev_299,74,20,14,0.1892,0.7,ᆫ가|ᆫ다고|ᆫ데|ᆯ게|ᆯ까|가져다주|가져오|각각|건너|게스트|고맙|관리|괜찮|그런|그리고|기분|나누|나아지|내일|너무|노력|는데|다르|다시|대하|던데|도움|돌아가|든지|뜨겁|라고|려고|만들|모르|미안|보이|부터|사실|샌드위치|샐러드|생일|샤론|수프|시간|시작|식단|식당|아니|알레르기|얘기|어도|어서|에서|여기|연락|요즘|위하|으로|으면|음식|의사|이야기|잖아|정말|줄이|즐겁|지금|체중|케이크|특별히|특정|파티|피하|하지만,ᆫ다|끝나|는다|뜨겁|만들|샐러드|수프|식당|알레르기|어서|에서|위하|으며|음식|자고|제안|케이크|특정|파티|피하,뜨겁|만들|샐러드|수프|식당|알레르기|어서|에서|위하|음식|케이크|특정|파티|피하,ᆫ가|ᆫ다고|ᆫ데|ᆯ게|ᆯ까|가져다주|가져오|각각|건너|게스트|고맙|관리|괜찮|그런|그리고|기분|나누|나아지|내일|너무|노력|는데|다르|다시|대하|던데|도움|돌아가|든지|라고|려고|모르|미안|보이|부터|사실|샌드위치|생일|샤론|시간|시작|식단|아니|얘기|어도|여기|연락|요즘|으로|으면|의사|이야기|잖아|정말|줄이|즐겁|지금|체중|특별히|하지만,ᆫ다|끝나|는다|으며|자고|제안
300,dev_300,38,12,9,0.2368,0.75,검토|계획|국경|국토|그렇|그리고|까지|다시|대체로|들어가|따르|매니토바|멈추|밴쿠버|보이|시작|알버타|어서|언덕|에서|여정|올라가|위니펙|으로|인생|자전거|정말|준비|지나|지나가|지만|최고|퀘벡|토론토|평지|하지만|호수|횡단,ᆫ다|거치|검토|계획|까지|밴쿠버|시작|에서|여행|위니펙|자전거|퀘벡,검토|계획|까지|밴쿠버|시작|에서|위니펙|자전거|퀘벡,국경|국토|그렇|그리고|다시|대체로|들어가|따르|매니토바|멈추|보이|알버타|어서|언덕|여정|올라가|으로|인생|정말|준비|지나|지나가|지만|최고|토론토|평지|하지만|호수|횡단,ᆫ다|거치|여행
301,dev_301,49,10,6,0.1224,0.6,ᆫ가|ᆫ다는|ᆸ니다|가끔|감사|강하|괜찮|그런|그리고|나요|너무|네요|다면|대하|똑같이|라고|마음씨|말씀|본성|본인|부지런|사람|사항|생각|성실|세부|신경|심리|압박|약점|어떻|어야|어요|에서|에요|완벽|인간|인내심|인정|정직|지내|착하|창의|책임감|추구|친절|필요|항상|회복력,ᆸ니다|그리고|대하|성격|심리|약점|이야기|인터뷰|자신|회복력,ᆸ니다|그리고|대하|심리|약점|회복력,ᆫ가|ᆫ다는|가끔|감사|강하|괜찮|그런|나요|너무|네요|다면|똑같이|라고|마음씨|말씀|본성|본인|부지런|사람|사항|생각|성실|세부|신경|압박|어떻|어야|어요|에서|에요|완벽|인간|인내심|인정|정직|지내|착하|창의|책임감|추구|친절|필요|항상,성격|이야기|인터뷰|자신
302,dev_302,46,14,3,0.0652,0.2143,ᆫ다고|ᆫ데|ᆯ까|교통|그래|그럼|근데|기차|느끼|니까|다니|당일|더라도|도시락|돌아다니|때문|많이|버스|보다|보통|분명|비싸|빠르|사자|생각|선택|수단|아니|어도|어떤|어렵|어서|어야|엄청|에서|여행|왕복|우리|음식|잖아|정말|지연|체증|편도|항상|훨씬,ᆫ다|ᆯ지|결국|기차|나누|대하|맞추|버스|비용|선택|시간|이야기|지만|편리,기차|버스|선택,ᆫ다고|ᆫ데|ᆯ까|교통|그래|그럼|근데|느끼|니까|다니|당일|더라도|도시락|돌아다니|때문|많이|보다|보통|분명|비싸|빠르|사자|생각|수단|아니|어도|어떤|어렵|어서|어야|엄청|에서|여행|왕복|우리|음식|잖아|정말|지연|체증|편도|항상|훨씬,ᆫ다|ᆯ지|결국|나누|대하|맞추|비용|시간|이야기|지만|편리
303,dev_303,49,15,8,0.1633,0.5333,4|가끔|가렵|가족|간지럽|거든|계속|계절|그래도|그렇|근데|까지|나.|누구|눈물|대로|마시|많이|매년|목도|반응|방금|별로|빨개지|심하|아니|아프|아하하|알레르기|알코올|어떤|어떻게|얼굴|에취|온몸|요즘|우리|재채기|전체|정도|정말|증상|진짜|차이|찾아오|충혈|특히|포기|흐르,ᆸ니다|간지럽|계절|눈물|대하|반응|설명|심하|알레르기|에게|이야기|인하|재채기|증상|콧물,간지럽|계절|눈물|반응|심하|알레르기|재채기|증상,4|가끔|가렵|가족|거든|계속|그래도|그렇|근데|까지|나.|누구|대로|마시|많이|매년|목도|방금|별로|빨개지|아니|아프|아하하|알코올|어떤|어떻게|얼굴|에취|온몸|요즘|우리|전체|정도|정말|진짜|차이|찾아오|충혈|특히|포기|흐르,ᆸ니다|대하|설명|에게|이야기|인하|콧물
304,dev_304,26,10,4,0.1538,0.4,ᆸ시다|그렇|기다리|기차|까지|네요|도록|먼저|보다|복잡|복잡하|사람|생각|어서|어요|에서|여기|예요|우커송|위치|자고|자리|저기|정거장|지도|하지만,ᆸ니다|기차|붐비|습니다|어서|우커송|위하|으로|자리|지금,기차|어서|우커송|자리,ᆸ시다|그렇|기다리|까지|네요|도록|먼저|보다|복잡|복잡하|사람|생각|어요|에서|여기|예요|위치|자고|저기|정거장|지도|하지만,ᆸ니다|붐비|습니다|위하|으로|지금
305,dev_305,65,16,10,0.1538,0.625,ᆫ다는|ᆫ데|ᆯ지|검사|결과|경기|규제|규칙|그때|그러|그런|그렇|금메달|끝나|나라|나오|느끼|는다고|는데|는지|다고|덕분|동의|때문|라고|려고|모든|무슨|문제|벌어지|부정|빠르|사람|상상|새롭|생각|선수|스럽|스테로이드|시도|실격|실망|아무리|압박|약물|어도|어떻|어서|어야|얼마나|우승|위하|으로|으면|이기|이유|이해|재능|정말|정상급|줄어들|지만|처리|필요|행위,ᆸ니다|경기|다고|대하|문제|사람|사용|선수|설명|실격|약물|에게|우승|이야기|이유|재능,경기|다고|문제|사람|선수|실격|약물|우승|이유|재능,ᆫ다는|ᆫ데|ᆯ지|검사|결과|규제|규칙|그때|그러|그런|그렇|금메달|끝나|나라|나오|느끼|는다고|는데|는지|덕분|동의|때문|라고|려고|모든|무슨|벌어지|부정|빠르|상상|새롭|생각|스럽|스테로이드|시도|실망|아무리|압박|어도|어떻|어서|어야|얼마나|위하|으로|으면|이기|이해|정말|정상급|줄어들|지만|처리|필요|행위,ᆸ니다|대하|사용|설명|에게|이야기
306,dev_306,28,10,4,0.1429,0.4,10|2|tv|ᆯ걸|ᆯ게|가이드|같이|경기|그거|그리고|기억|는데|다른|다음|먼저|미안|서부|시트콤|아마|어도|에서|영화|우리|정말|제대로|채널|축구|퀴즈,ᆸ니다|결정|고민|다가|다른|에서|채널|퀴즈|프로그램|함께,다른|에서|채널|퀴즈,10|2|tv|ᆯ걸|ᆯ게|가이드|같이|경기|그거|그리고|기억|는데|다음|먼저|미안|서부|시트콤|아마|어도|영화|우리|정말|제대로|축구,ᆸ니다|결정|고민|다가|프로그램|함께
307,dev_307,29,9,4,0.1379,0.4444,24|ᆫ가|ᆯ까요|계시|공항|그냥|그럼|네요|뉴욕|맡기|머무르|보관소|비행기|사이|사흘|습니다|시간|어도|어요|얼마나|에서|여기|연결|은데|이상|정도|죄송|지만|필요,ᆸ니다|결정|공항|다는|맡기|보관소|설명|에게|여기,공항|맡기|보관소|여기,24|ᆫ가|ᆯ까요|계시|그냥|그럼|네요|뉴욕|머무르|비행기|사이|사흘|습니다|시간|어도|어요|얼마나|에서|연결|은데|이상|정도|죄송|지만|필요,ᆸ니다|결정|다는|설명|에게
308,dev_308,23,8,3,0.1304,0.375,7|ac|거든|경기|그러|는데|디저트|레알|마드리드|무슨|밀란|벌써|빨리|생각|시간|어떤|어서|오늘|음료|이랑|중계|축구|힘들,ᆫ다|경기|에게|오늘|자고|제안|축구|함께,경기|오늘|축구,7|ac|거든|그러|는데|디저트|레알|마드리드|무슨|밀란|벌써|빨리|생각|시간|어떤|어서|음료|이랑|중계|힘들,ᆫ다|에게|자고|제안|함께
309,dev_309,32,9,6,0.1875,0.6667,1050|850|ᆫ데|ᆸ니다|가격|그거|그것|그렇|기쁘|나요|낮추|내려가|네요|드리|말씀|비싸|습니다|아니|아예|아파트|어떻|어요|얼마|에요|원하|으세요|이하|임대|적정|정도|정말|최선,1050|850|ᆸ니다|가능|다고|아파트|이하|임대|지만,1050|850|ᆸ니다|아파트|이하|임대,ᆫ데|가격|그거|그것|그렇|기쁘|나요|낮추|내려가|네요|드리|말씀|비싸|습니다|아니|아예|어떻|어요|얼마|에요|원하|으세요|적정|정도|정말|최선,가능|다고|지만
310,dev_310,51,23,12,0.2353,0.5217,10|ᆫ다고|ᆫ다는|ᆫ지|가지|관심|그거|그것|그래서|그럼|글쎄|깊이|느끼|다고|다르|대단하|도움|똑똑|모르|모차르트|무슨|베토벤|별로|복잡하|부족|부터|사람|사실|생각|솔직히|시작|아니|아직|얘기|어떤|어떻|어리|언제|원래|으면|음악|저거|정말|좋아하|지만|취미|클래식|편안|피아노|하나|한테,ᆫ다|ᆫ다고|ᆫ다는|가지|각자|계기|관심|그것|는다|대하|똑똑|만들|베토벤|사람|선호|에게|음악|이야기|이후|장르|지만|클래식|편안,ᆫ다고|ᆫ다는|가지|관심|그것|똑똑|베토벤|사람|음악|지만|클래식|편안,10|ᆫ지|그거|그래서|그럼|글쎄|깊이|느끼|다고|다르|대단하|도움|모르|모차르트|무슨|별로|복잡하|부족|부터|사실|생각|솔직히|시작|아니|아직|얘기|어떤|어떻|어리|언제|원래|으면|저거|정말|좋아하|취미|피아노|하나|한테,ᆫ다|각자|계기|는다|대하|만들|선호|에게|이야기|이후|장르
311,dev_311,82,18,12,0.1463,0.6667,getaway|perfect|tours|vip|ᆫ가|ᆯ까요|ᆸ니다|가능|가장|거나|계획|공항|그것|근처|깜짝|낚시|네요|뉴햄프셔|드리|따르|로맨틱|리무진|마구간|마음|맞추|매우|모시|무료|문제|물론|방문|보내|복원|부분|비용|빌라|상관|샴페인|스파|습니다|시간|시골|아내|아늑|아름답|야외|어떻|어서|어요|에서|여러|여행|예약|옛날|옵션|와이너리|완벽|왕복|우리|위하|으시|은데요|저희|정말|제공|좋아하|주말|지역|최대한|패키지|편하|포함|푸드|프라이빗|픽업|핑거|항공|해변|호수|호텔|환영|활동,ᆸ니다|계획|고자|깜짝|선택|소개|시골|아내|야외|에게|여러|여행|옵션|위하|제안|준비|호텔|활동,ᆸ니다|계획|깜짝|시골|아내|야외|여러|여행|옵션|위하|호텔|활동,getaway|perfect|tours|vip|ᆫ가|ᆯ까요|가능|가장|거나|공항|그것|근처|낚시|네요|뉴햄프셔|드리|따르|로맨틱|리무진|마구간|마음|맞추|매우|모시|무료|문제|물론|방문|보내|복원|부분|비용|빌라|상관|샴페인|스파|습니다|시간|아늑|아름답|어떻|어서|어요|에서|예약|옛날|와이너리|완벽|왕복|우리|으시|은데요|저희|정말|제공|좋아하|주말|지역|최대한|패키지|편하|포함|푸드|프라이빗|픽업|핑거|항공|해변|호수|환영,고자|선택|소개|에게|제안|준비
312,dev_312,27,8,3,0.1111,0.375,ᆫ데|가게|같이|고맙|그렇|근처|매력|메이|밖에|보이|삼십|안녕|어디|어서|어야|얼마|에서|예쁘|우리|원피스|위안|으니까|으로|정말|하나|학교|한테,ᆫ다|다고|메이|보이|아름답|에게|원피스|칭찬,메이|보이|원피스,ᆫ데|가게|같이|고맙|그렇|근처|매력|밖에|삼십|안녕|어디|어서|어야|얼마|에서|예쁘|우리|위안|으니까|으로|정말|하나|학교|한테,ᆫ다|다고|아름답|에게|칭찬
313,dev_313,34,7,2,0.0588,0.2857,55|ᆯ까요|ᆸ니다|가격|걸리|고맙|괜찮|기다리|기쁘|끝나|네요|니까|다고|다니|다음|달러|마음|머리|멋지|생각|세요|어서|어요|얼마|얼마나|예쁘|예요|으로|이렇|이제|정말|조금|진심|친구,55|달러|만족|스타일|습니다|지불|헤어,55|달러,ᆯ까요|ᆸ니다|가격|걸리|고맙|괜찮|기다리|기쁘|끝나|네요|니까|다고|다니|다음|마음|머리|멋지|생각|세요|어서|어요|얼마|얼마나|예쁘|예요|으로|이렇|이제|정말|조금|진심|친구,만족|스타일|습니다|지불|헤어
314,dev_314,33,8,4,0.1212,0.5,건강|검술|공기|공원|기분|날씨|많이|무술|바로|보이|사람|산책|야외|어떤|어떻|에서|여기|연습|열풍|오늘|왼쪽|우리|운동|위하|유지|이렇|저기|점점|정말|조용|중국|커지|태극권,ᆸ니다|공원|다양|대하|사람|산책|운동|이야기,공원|사람|산책|운동,건강|검술|공기|기분|날씨|많이|무술|바로|보이|야외|어떤|어떻|에서|여기|연습|열풍|오늘|왼쪽|우리|위하|유지|이렇|저기|점점|정말|조용|중국|커지|태극권,ᆸ니다|다양|대하|이야기
315,dev_315,22,12,4,0.1818,0.3333,공부|덕분|도움|동아시아|들이|많이|문학|새롭|세계|수업|어떻|어요|언어학|에서|에요|여기|예요|일본어|작품|전공|정말|훌륭,ᆫ지|ᆸ니다|는지|대하|무엇|문학|생각|수업|어떻|에게|전공|질문,문학|수업|어떻|전공,공부|덕분|도움|동아시아|들이|많이|새롭|세계|어요|언어학|에서|에요|여기|예요|일본어|작품|정말|훌륭,ᆫ지|ᆸ니다|는지|대하|무엇|생각|에게|질문
316,dev_316,24,12,2,0.0833,0.1667,2|ᆯ지|같이|계획|그냥|너무|동안|많이|매일|모르|부모|빌리|산책|수영|어떻|에서|우리|을까|정말|정말로|충분히|콘도미니엄|플로리다|해변가,2|ᆸ니다|가족|습니다|에게|여행|예정|자고|초대|플로리다|함께|휴가,2|플로리다,ᆯ지|같이|계획|그냥|너무|동안|많이|매일|모르|부모|빌리|산책|수영|어떻|에서|우리|을까|정말|정말로|충분히|콘도미니엄|해변가,ᆸ니다|가족|습니다|에게|여행|예정|자고|초대|함께|휴가
317,dev_317,55,17,4,0.0727,0.2353,3|6|ᆫ다고|ᆫ데|ᆯ게요|ᆯ까요|ᆸ니다|가져오|가지|감사|그분|기다리|까지|나가|나요|네요|누구|는데|대로|대요|드리|레드|레모네이드|마르시아|마시|막판|세요|스프라이트|아쉽|안녕하세요|어다|어떤|어서|어야|어요|얼마나|에요|에일|여기|여덟|예요|오늘|오렌지|와인|외투|우리|이제|잠깐|재미있|저녁|정말|주스|토닉|포함|화이트,ᆸ니다|다고|도착|레드|방문|식사|안타까워하|에게|와인|으로|으며|저녁|전하|제안|주최|취소|친구,ᆸ니다|레드|와인|저녁,3|6|ᆫ다고|ᆫ데|ᆯ게요|ᆯ까요|가져오|가지|감사|그분|기다리|까지|나가|나요|네요|누구|는데|대로|대요|드리|레모네이드|마르시아|마시|막판|세요|스프라이트|아쉽|안녕하세요|어다|어떤|어서|어야|어요|얼마나|에요|에일|여기|여덟|예요|오늘|오렌지|외투|우리|이제|잠깐|재미있|정말|주스|토닉|포함|화이트,다고|도착|방문|식사|안타까워하|에게|으로|으며|전하|제안|주최|취소|친구
318,dev_318,51,11,6,0.1176,0.5455,...|ᆫ데|ᆯ게|가능|거든|고민|괜찮|그거|그래|그럼|그렇|그만|근처|기억|는데|다면|대단하|더라|라고|맛있|매일|맴돌|물론|바로|배고프|별로|사람|사천|생각|생각나|아직|어떻|에서|완전|월드|으러|으면|을래|음식|이름|이야기|이제|잖아|잠깐|장안|정말|조금|중국|진짜|타워|훠궈,ᆸ니다|결정|고프|근처|사천|안가|어서|월드|중국|타워|훠궈,근처|사천|월드|중국|타워|훠궈,...|ᆫ데|ᆯ게|가능|거든|고민|괜찮|그거|그래|그럼|그렇|그만|기억|는데|다면|대단하|더라|라고|맛있|매일|맴돌|물론|바로|배고프|별로|사람|생각|생각나|아직|어떻|에서|완전|으러|으면|을래|음식|이름|이야기|이제|잖아|잠깐|장안|정말|조금|진짜,ᆸ니다|결정|고프|안가|어서
319,dev_319,103,19,12,0.1165,0.6316,...|5%|chesterton|oracle|ᆯ까요|ᆸ니다|가지|감독|감사|경력|경영학|경험|고객|고자|과정|관계|관련|관리|관리자|관심|구현|그럼|기술|기여|꾸준히|낮추|네요|높이|느라|다고|다양|대인|대하|대학교|대학원|때문|또한|로서|마치|만족도|말씀|매출|미치|배우|부전공|분야|상당히|새롭|생각|서비스|석사|선택|성공|세미나|세요|소비자|습니다|시작|시장|실용|심리학|아주|어려움|어서|어요|에서|여기|영향|오늘|우등|위하|유지|으로|으세요|으시|이니셔티브|이유|이제|이탈|전공|전략|전문|전체|정보|조금|졸업|중요|지속|지원|직업|직접|직책|참석|컨퍼런스|케어|클라이언트|통하|특화|프로세스|학력|행동|회사|흥미,oracle|ᆸ니다|강조|경험|교육|기여|다고|대학원|또한|배경|성공|습니다|에서|인터뷰|전반|직장|통하|학사|회사,oracle|ᆸ니다|경험|기여|다고|대학원|또한|성공|습니다|에서|통하|회사,...|5%|chesterton|ᆯ까요|가지|감독|감사|경력|경영학|고객|고자|과정|관계|관련|관리|관리자|관심|구현|그럼|기술|꾸준히|낮추|네요|높이|느라|다양|대인|대하|대학교|때문|로서|마치|만족도|말씀|매출|미치|배우|부전공|분야|상당히|새롭|생각|서비스|석사|선택|세미나|세요|소비자|시작|시장|실용|심리학|아주|어려움|어서|어요|여기|영향|오늘|우등|위하|유지|으로|으세요|으시|이니셔티브|이유|이제|이탈|전공|전략|전문|전체|정보|조금|졸업|중요|지속|지원|직업|직접|직책|참석|컨퍼런스|케어|클라이언트|특화|프로세스|학력|행동|흥미,강조|교육|배경|인터뷰|전반|직장|학사
320,dev_320,32,13,5,0.1562,0.3846,1425|15|ᆫ가|ᆫ데|ᆯ까요|ᆸ니다|걸리|그렇|끼치|나요|네요|드리|무슨|바쁘|불편|빨리|서비스|습니다|시간|어서요|어요|어쩌|여기|여보세요|오래|요청|정도|정말|죄송|지금|지만|최대한,15|ᆸ니다|가능|끼치|다고|미안|불편|사과|서비스|에게|위하|으며|전화,15|ᆸ니다|끼치|불편|서비스,1425|ᆫ가|ᆫ데|ᆯ까요|걸리|그렇|나요|네요|드리|무슨|바쁘|빨리|습니다|시간|어서요|어요|어쩌|여기|여보세요|오래|요청|정도|정말|죄송|지금|지만|최대한,가능|다고|미안|사과|에게|위하|으며|전화
321,dev_321,37,12,8,0.2162,0.6667,14|ᆸ니다|감사|금지|네요|면허증|모두|발행|법원|보이|보험|빨간불|빨갛|사모|서명|선생|세요|습니다|아니요|어도|어야|어요|여기|우회전|운전|이내|저기|정보|조심|종이|죄송|증명서|지만|티켓|표지판|필요|항소,면허증|발행|방향|보험|빨갛|습니다|운전|으로|잘못|증명서|티켓|확인,면허증|발행|보험|빨갛|습니다|운전|증명서|티켓,14|ᆸ니다|감사|금지|네요|모두|법원|보이|빨간불|사모|서명|선생|세요|아니요|어도|어야|어요|여기|우회전|이내|저기|정보|조심|종이|죄송|지만|표지판|필요|항소,방향|으로|잘못|확인
322,dev_322,13,12,4,0.3077,0.3333,가져가|근데|너무|버스|사.|어디|어야|얼른|에서|요금|운전사|으면|직접,ᆫ다|ᆫ다고|라고|버스|서두르|설명|어야|에게|에서|요금|재촉|지불,버스|어야|에서|요금,가져가|근데|너무|사.|어디|얼른|운전사|으면|직접,ᆫ다|ᆫ다고|라고|서두르|설명|에게|재촉|지불
323,dev_323,32,7,4,0.125,0.5714,jack|pine|street|ᆯ로|ᆸ니다|감사|고맙|군데|군요|그렇|그리고|근처|나요|네요|맞은편|방금|새로|세요|세탁소|센터|쇼핑|슈퍼마켓|안녕|어요|이발소|이사|이웃|저기|정보|주변|하나|혹시,ᆸ니다|세탁소|슈퍼마켓|알리|에게|위치|이발소,ᆸ니다|세탁소|슈퍼마켓|이발소,jack|pine|street|ᆯ로|감사|고맙|군데|군요|그렇|그리고|근처|나요|네요|맞은편|방금|새로|세요|센터|쇼핑|안녕|어요|이사|이웃|저기|정보|주변|하나|혹시,알리|에게|위치
324,dev_324,74,17,9,0.1216,0.5294,3|5|ᆫ다고|간단|거든|게다가|고맙|그거|그래|그러|그렇|극복|기분|기억력|넘치|느끼|는지|다르|다른|단지|더라고|도움|드물|든지|따르|라고|라도|려고|많이|매일|몇몇|모르|물론|배우|보이|부터|사람|사실|새롭|생각|생동|선생|스트레칭|시간|아주|어려움|어렵|어야|에너지|에서|에어로빅|우리|운동|원하|이상|자전거|재미|정말|조깅|좋아하|주일|중국|지루|체육|추천|캠퍼스|탁구|튼튼|팔굽혀펴기|하지만|학생|항상|행복|힘들,ᆫ다고|ᆸ니다|궁금|기분|기억력|꾸준|넘치|대하|도움|설명|에너지|운동|유지|이유|항상|행복|향상,ᆫ다고|기분|기억력|넘치|도움|에너지|운동|항상|행복,3|5|간단|거든|게다가|고맙|그거|그래|그러|그렇|극복|느끼|는지|다르|다른|단지|더라고|드물|든지|따르|라고|라도|려고|많이|매일|몇몇|모르|물론|배우|보이|부터|사람|사실|새롭|생각|생동|선생|스트레칭|시간|아주|어려움|어렵|어야|에서|에어로빅|우리|원하|이상|자전거|재미|정말|조깅|좋아하|주일|중국|지루|체육|추천|캠퍼스|탁구|튼튼|팔굽혀펴기|하지만|학생|힘들,ᆸ니다|궁금|꾸준|대하|설명|유지|이유|향상
325,dev_325,34,12,6,0.1765,0.5,15|2|3|ᆫ다고|ᆸ니다|걸리|관광지|군요|그런데|그렇|그룹|기다리|는데|동안|드리|문제|밖에|방문|버스|습니다|시간|아침|약속|어요|오늘|을까요|잖아요|잠시|정말|조사|죄송|진행|투어|합류,다고|달리|대하|문제|사과|습니다|약속|에게|일정|조사|진행|투어,문제|습니다|약속|조사|진행|투어,15|2|3|ᆫ다고|ᆸ니다|걸리|관광지|군요|그런데|그렇|그룹|기다리|는데|동안|드리|밖에|방문|버스|시간|아침|어요|오늘|을까요|잖아요|잠시|정말|죄송|합류,다고|달리|대하|사과|에게|일정
326,dev_326,39,11,8,0.2051,0.7273,1|90|ᆯ게요|ᆯ까요|ᆯ로|ᆸ니다|결함|계산|공장|괜찮|그럼|나요|네요|대하|드리|매장|반품|보내|보증|사본|상태|스테레오|습니다|어떤|어떻|영수증|원래|으로|이거|이쪽|저희|정책|제공|제조업체|조건|카드|포장|함께|환불,대하|매장|방법|보증|스테레오|습니다|에게|정책|제조업체|조건|종류,대하|매장|보증|스테레오|습니다|정책|제조업체|조건,1|90|ᆯ게요|ᆯ까요|ᆯ로|ᆸ니다|결함|계산|공장|괜찮|그럼|나요|네요|드리|반품|보내|사본|상태|어떤|어떻|영수증|원래|으로|이거|이쪽|저희|제공|카드|포장|함께|환불,방법|에게|종류
327,dev_327,23,10,6,0.2609,0.6,ikea|ᆯ까|ᆯ지|가게|가구|고맙|괜찮|그렇|그만큼|는지|려고|모르|세트|쇼핑|아니|아직|알리|어느|어디|어야|에서|지만|침실,ikea|ᆯ지|ᆸ니다|결정|세트|습니다|어디|지만|추천|침실,ikea|ᆯ지|세트|어디|지만|침실,ᆯ까|가게|가구|고맙|괜찮|그렇|그만큼|는지|려고|모르|쇼핑|아니|아직|알리|어느|어야|에서,ᆸ니다|결정|습니다|추천
328,dev_328,46,12,5,0.1087,0.4167,ᆫ가요|ᆫ데|ᆯ까요|ᆸ니다|감자|과로|그것|그러니까|그런|그렇|그리고|나가|너무|네요|다른|때문|라는|많이|말씀|몸무게|보세|비하|선생|섭취|세요|속도|습니다|어서|어야|어요|요즘|운동|의사|이거|이나|이유|이제|종일|줄이|지만|체중|체형|피곤|하루|하지만|혈압,ᆸ니다|관리|권장|라며|속도|에게|원인|작업|줄이|체중|피로|혈압,ᆸ니다|속도|줄이|체중|혈압,ᆫ가요|ᆫ데|ᆯ까요|감자|과로|그것|그러니까|그런|그렇|그리고|나가|너무|네요|다른|때문|라는|많이|말씀|몸무게|보세|비하|선생|섭취|세요|습니다|어서|어야|어요|요즘|운동|의사|이거|이나|이유|이제|종일|지만|체형|피곤|하루|하지만,관리|권장|라며|에게|원인|작업|피로
329,dev_329,49,10,4,0.0816,0.4,ᆯ게요|거래|구매|그거|그렇|다면|대금|도착|동의|동일|만약|말씀|모두|모든|바로|반품|발송|부담|비용|사실|새롭|세요|습니다|시험|아주|어렵|어야|어요|으니|으로|으면|이거|이번|저희|제품|조건|조금|주문|주문서|지만|지불|진행|추가|특별|판매|팔리|품질|하지만|회사,ᆸ니다|거절|결국|논의|대하|동의|시험|제품|주문|처음,동의|시험|제품|주문,ᆯ게요|거래|구매|그거|그렇|다면|대금|도착|동일|만약|말씀|모두|모든|바로|반품|발송|부담|비용|사실|새롭|세요|습니다|아주|어렵|어야|어요|으니|으로|으면|이거|이번|저희|조건|조금|주문서|지만|지불|진행|추가|특별|판매|팔리|품질|하지만|회사,ᆸ니다|거절|결국|논의|대하|처음
330,dev_330,60,22,12,0.2,0.5455,12|30|high|natbank|street|ᆯ게|가져가|같이|거든|걱정|고맙|공부|교과서|근데|기억나|너무|는데|는지|다음|때문|려고|마틴|만나|많이|모르|물리|물어보|바쁘|빌리|생각|생일|시간|시험|시험지|아무튼|아침|안녕|어디|어떻|어서|어야|어제|어젯밤|얼마나|에서|여동생|영화|옛날|오늘|우리|원하|으러|저녁|전화|점심시간|정말|조금|지내|하나|한테,ᆫ다|교과서|교환|는지|다고|다음|대하|마틴|만나|물리|물어보|빌리|사람|시험|시험지|어디|에게|오래|이야기|자신|전화|점심,교과서|는지|다음|마틴|만나|물리|물어보|빌리|시험|시험지|어디|전화,12|30|high|natbank|street|ᆯ게|가져가|같이|거든|걱정|고맙|공부|근데|기억나|너무|는데|때문|려고|많이|모르|바쁘|생각|생일|시간|아무튼|아침|안녕|어떻|어서|어야|어제|어젯밤|얼마나|에서|여동생|영화|옛날|오늘|우리|원하|으러|저녁|점심시간|정말|조금|지내|하나|한테,ᆫ다|교환|다고|대하|사람|에게|오래|이야기|자신|점심
331,dev_331,63,18,12,0.1905,0.6667,#address|#에|1|50|500|david|parker|ᆫ가|ᆫ가요|ᆫ다는|ᆯ게요|ᆸ니다|가구|가스|가전제품|가지|갖추|거실|공과금|관리비|광고|그것|그때|그리고|나요|난방|달러|대하|려고|말씀|문의|발코니|소파|습니다|식탁|신문|아파트|안녕하세요|알리|어디|어떻|어서|어요|얼마|예요|오늘|오후|욕실|위치|으세요|을까요|의자|이름|임대료|전기|전화|주방|주차|주차비|침실|포함|하나|하지만,1|david|parker|ᆸ니다|가격|관련|광고|대하|면서|문의|시설|아파트|에게|예정|오늘|오후|위치|전화,1|david|parker|ᆸ니다|광고|대하|문의|아파트|오늘|오후|위치|전화,#address|#에|50|500|ᆫ가|ᆫ가요|ᆫ다는|ᆯ게요|가구|가스|가전제품|가지|갖추|거실|공과금|관리비|그것|그때|그리고|나요|난방|달러|려고|말씀|발코니|소파|습니다|식탁|신문|안녕하세요|알리|어디|어떻|어서|어요|얼마|예요|욕실|으세요|을까요|의자|이름|임대료|전기|주방|주차|주차비|침실|포함|하나|하지만,가격|관련|면서|시설|에게|예정
332,dev_332,45,7,2,0.0444,0.2857,20|ara.|barb|barbara|rod|ᆫ가요|가방|거기|괜찮|구두|그냥|그런데|그럼|기대|나요|다시|당신|더럽|돌아오|로마|만나|무겁|밀라노|반갑|보다|시끄럽|아니|아주|안녕하세요|어떻|어서|어요|여행|이것|이나|이요|이탈리아|전부|정말|주차장|지내|지만|켤레|피곤|피렌체,경험|그녀|대하|무겁|습니다|에게|여행,무겁|여행,20|ara.|barb|barbara|rod|ᆫ가요|가방|거기|괜찮|구두|그냥|그런데|그럼|기대|나요|다시|당신|더럽|돌아오|로마|만나|밀라노|반갑|보다|시끄럽|아니|아주|안녕하세요|어떻|어서|어요|이것|이나|이요|이탈리아|전부|정말|주차장|지내|지만|켤레|피곤|피렌체,경험|그녀|대하|습니다|에게
333,dev_333,42,14,10,0.2381,0.7143,50|ᆯ걸|ᆯ게|ᆯ래|가죽|구만|그거|그냥|그렇|근데|는데|달러|때문|멋지|못생기|무슨|반품|부족|부탁|비싸|비옷|빌리|생일|선물|신경|아니|아무튼|아빠|어야|언니|얼마|엄마|예쁘|원하|잖아|재킷|정말|진짜|청바지|친구|필요|하고,50|ᆸ니다|가죽|달러|반품|불만|비옷|빌리|생일|선물|습니다|원하|으며|재킷,50|가죽|달러|반품|비옷|빌리|생일|선물|원하|재킷,ᆯ걸|ᆯ게|ᆯ래|구만|그거|그냥|그렇|근데|는데|때문|멋지|못생기|무슨|부족|부탁|비싸|신경|아니|아무튼|아빠|어야|언니|얼마|엄마|예쁘|잖아|정말|진짜|청바지|친구|필요|하고,ᆸ니다|불만|습니다|으며
334,dev_334,117,13,7,0.0598,0.5385,...|12.56|18.19|2|2.50|24|24.70|3.84|8.14|herbert|ᆫ다고|ᆫ데|ᆯ게|ᆯ까|ᆯ래|갤런|거든|그거|그냥|그래|그래도|그리고|그릴|기회|길래|까다롭|깜짝|나가|누구|는지|다이어트|달걀|달러|던지|도와주|도움|든지|라고|마다|마지막|많이|먹이|모든|모르|바꾸|보내|불쌍|붙이|사랑|사료|사실|상쇄|상자|생각|생기|서로|선물|쇼핑|슈퍼|스테이크|습관|시간|식습관|식품|아으|아직|아하하|약간|어도|어디|어서|어이|엄청|없이|에너지|에서|영수증|우리|우유|원천|위하|으로|을래|이거|이것|이유|이제|이제야|일종|잖아|저거|저기|적응|절대|정말|제대로|좋아하|주스|주인|짜리|참치|처럼|초콜릿|친절|친하|쿠키|탄산음료|탄수화물|토마토|트럭|필수|필요|하나|하루|한두|혼자|훌륭,herbert|ᆸ니다|다는|데리|라는|물건|사실|쇼핑|스테이크|아니|영수증|위하|으로,herbert|사실|쇼핑|스테이크|영수증|위하|으로,...|12.56|18.19|2|2.50|24|24.70|3.84|8.14|ᆫ다고|ᆫ데|ᆯ게|ᆯ까|ᆯ래|갤런|거든|그거|그냥|그래|그래도|그리고|그릴|기회|길래|까다롭|깜짝|나가|누구|는지|다이어트|달걀|달러|던지|도와주|도움|든지|라고|마다|마지막|많이|먹이|모든|모르|바꾸|보내|불쌍|붙이|사랑|사료|상쇄|상자|생각|생기|서로|선물|슈퍼|습관|시간|식습관|식품|아으|아직|아하하|약간|어도|어디|어서|어이|엄청|없이|에너지|에서|우리|우유|원천|을래|이거|이것|이유|이제|이제야|일종|잖아|저거|저기|적응|절대|정말|제대로|좋아하|주스|주인|짜리|참치|처럼|초콜릿|친절|친하|쿠키|탄산음료|탄수화물|토마토|트럭|필수|필요|하나|하루|한두|혼자|훌륭,ᆸ니다|다는|데리|라는|물건|아니
335,dev_335,46,7,2,0.0435,0.2857,...|1|30|4|5|6|8|mg|mr.|turner|가족|경영|그럼|까지|나쁘|내일|너무|다음|만나|매니저|모두|모레|바쁘|부서|부터|빠르|센추리|수업|아침|어떻|어야|에서|오후|이틀|일정|저녁|전시회|점심|제품|특별|파티|팰리스|편히|하지만|회사|회의실,ᆫ다|계획|설명|에게|이틀|일정|향후,이틀|일정,...|1|30|4|5|6|8|mg|mr.|turner|가족|경영|그럼|까지|나쁘|내일|너무|다음|만나|매니저|모두|모레|바쁘|부서|부터|빠르|센추리|수업|아침|어떻|어야|에서|오후|저녁|전시회|점심|제품|특별|파티|팰리스|편히|하지만|회사|회의실,ᆫ다|계획|설명|에게|향후
336,dev_336,18,19,8,0.4444,0.4211,10|11|30|그러|맞추|벌써|빠르|사실|소리|시계|아니|아니야|알람|약속|에서|저거|절대|호텔,11|30|ᆫ다고|ᆸ니다|다고|도착|때문|맞추|본인|빠르|설명|시계|알람|약속|에게|울리|정시|항상|호텔,11|30|맞추|빠르|시계|알람|약속|호텔,10|그러|벌써|사실|소리|아니|아니야|에서|저거|절대,ᆫ다고|ᆸ니다|다고|도착|때문|본인|설명|에게|울리|정시|항상
337,dev_337,40,11,8,0.2,0.7273,2|357|ᆯ게요|ᆯ까요|ᆸ니다|가능|감사|그러|기다리|까지|나요|달러|도움|드리|맞추|먼저|모두|문제없|브레스티드|세요|습니다|싱글|안감|양복|어도|어디|어서|어요|언제|얼마|영수증|원단|으로|을까요|작성|잠시|저기|치수|코트|패딩,357|ᆸ니다|가격|달러|라고|맞추|브레스티드|싱글|안내|양복|치수,357|ᆸ니다|달러|맞추|브레스티드|싱글|양복|치수,2|ᆯ게요|ᆯ까요|가능|감사|그러|기다리|까지|나요|도움|드리|먼저|모두|문제없|세요|습니다|안감|어도|어디|어서|어요|언제|얼마|영수증|원단|으로|을까요|작성|잠시|저기|코트|패딩,가격|라고|안내
338,dev_338,55,14,8,0.1455,0.5714,ᆫ데|ᆯ지|가장|거기|결정|계획|고등|군데|대학|대학교|도시|도움|라서|런던|리즈|맨체스터|모두|모르|방금|비슷하|비싸|빨리|생각|신청|실용|아직|어느|어디|어떤|어떻|어야|언제|에서|영국|영문학|원하|을지|이나|장학금|재정|정말|제일|졸업|지만|지역|지원|축하|칭다오|코스|학교|학비|학사|합격|행운|흥미,ᆫ다|군데|권하|는다|는지|대학|선호|신청|어떤|에게|재정|지원|축하|합격,군데|대학|신청|어떤|재정|지원|축하|합격,ᆫ데|ᆯ지|가장|거기|결정|계획|고등|대학교|도시|도움|라서|런던|리즈|맨체스터|모두|모르|방금|비슷하|비싸|빨리|생각|실용|아직|어느|어디|어떻|어야|언제|에서|영국|영문학|원하|을지|이나|장학금|정말|제일|졸업|지만|지역|칭다오|코스|학교|학비|학사|행운|흥미,ᆫ다|권하|는다|는지|선호|에게
339,dev_339,34,24,15,0.4412,0.625,가져가|개인|공간|권장|규칙|그거|그냥|근데|나쁘|니까|대하|던데|동료|라는|라도|배려|벨소리|보이|사용|사항|새롭|아니|어떡하|에서|으라는|이거|전화|주의|중요|통화|필수|회사|회의|휴대폰,ᆸ니다|가져가|관하|권장|규칙|논의|대하|동료|라고|배려|사용|사항|새롭|생각|습니다|아니|에서|으로|중요|지만|직장|필수|회의|휴대폰,가져가|권장|규칙|대하|동료|배려|사용|사항|새롭|아니|에서|중요|필수|회의|휴대폰,개인|공간|그거|그냥|근데|나쁘|니까|던데|라는|라도|벨소리|보이|어떡하|으라는|이거|전화|주의|통화|회사,ᆸ니다|관하|논의|라고|생각|습니다|으로|지만|직장
340,dev_340,60,16,10,0.1667,0.625,10|12|가능|고맙|공짜|그거|그것|그래서|그런|그리고|깔리|노트북|다는|다운로드|대략|도시|동안|디지털|만들|멋지|무선|문서|물론|밖에|보내|보통|사용|사진|서핑|아니|안녕|어디|어떤|어떻|어서|어야지|언제|에서|여기|예쁘|유용|이메일|인터넷|작업|잖아|저번|정도|정말|제공|좋아하|지금|첨부|최근|카메라|카페|커피|파일|편집|프로그램|필요,ᆸ니다|기능|노트북|대하|무선|방법|사용|사진|서핑|에게|에서|이야기|인터넷|카페|편집|프로그램,노트북|무선|사용|사진|서핑|에서|인터넷|카페|편집|프로그램,10|12|가능|고맙|공짜|그거|그것|그래서|그런|그리고|깔리|다는|다운로드|대략|도시|동안|디지털|만들|멋지|문서|물론|밖에|보내|보통|아니|안녕|어디|어떤|어떻|어서|어야지|언제|여기|예쁘|유용|이메일|작업|잖아|저번|정도|정말|제공|좋아하|지금|첨부|최근|카메라|커피|파일|필요,ᆸ니다|기능|대하|방법|에게|이야기
341,dev_341,87,22,12,0.1379,0.5455,100|20|6|tv|가끔|가뭄|거기|곳곳|관하|굉장히|구입|구호|국제|군인|기아|까지|나라|난민|너무|다고|대처|대하|모르|묻히|물자|발생|배포|병원|보내|비행기|사고|사람|사망|사상자|사회|산불|생기|설치|수백만|식량|신문|심각하|아니|아무|아프리카|얘기|어떻|어서|어제|얼마나|엄청나|에서|여러|연합|영향|오늘|위하|유럽|으로|음식|의료|이동|이란|이번|이야기|이하|일으키|자연|자연재해|자체|잔해|잖아|장비|재미있|제곱|제곱킬로미터|주변|지금|지만|지역|지진|최근|캠프|킬로미터|특별|파괴|호주,ᆸ니다|국제|규모|그리고|기아|보도|사회|산불|설명|소식|신문|아프리카|에게|오늘|위하|이란|자연|재해|전하|지원|지진|호주,국제|기아|사회|산불|신문|아프리카|오늘|위하|이란|자연|지진|호주,100|20|6|tv|가끔|가뭄|거기|곳곳|관하|굉장히|구입|구호|군인|까지|나라|난민|너무|다고|대처|대하|모르|묻히|물자|발생|배포|병원|보내|비행기|사고|사람|사망|사상자|생기|설치|수백만|식량|심각하|아니|아무|얘기|어떻|어서|어제|얼마나|엄청나|에서|여러|연합|영향|유럽|으로|음식|의료|이동|이번|이야기|이하|일으키|자연재해|자체|잔해|잖아|장비|재미있|제곱|제곱킬로미터|주변|지금|지만|지역|최근|캠프|킬로미터|특별|파괴,ᆸ니다|규모|그리고|보도|설명|소식|에게|재해|전하|지원
342,dev_342,64,14,7,0.1094,0.5,...|99|ᆯ게요|ᆯ까요|ᆯ로|ᆸ니다|굉장히|군요|그거|그럼|그렇|그리고|나오|나요|다른|드리|리스트|맛있|매쉬|메인|무엇|물론|부탁|비프|샐러드|샤블리|선생|선택|세요|송어|수프|스테이크|스튜|습니까|습니다|시작|아내|아니요|어요|여기|오늘|와인|요리|원하|으로|을까요|음료|죄송|주문|지만|추천|카이|코스|코울슬로|토마토|튀기|페퍼|포테이토|품절|하나|함께|혹시|혼합|훌륭,ᆸ니다|가지|따르|서비스|식당|아내|에게|에서|요리|음료|제공|주문|추천|코스,ᆸ니다|아내|요리|음료|주문|추천|코스,...|99|ᆯ게요|ᆯ까요|ᆯ로|굉장히|군요|그거|그럼|그렇|그리고|나오|나요|다른|드리|리스트|맛있|매쉬|메인|무엇|물론|부탁|비프|샐러드|샤블리|선생|선택|세요|송어|수프|스테이크|스튜|습니까|습니다|시작|아니요|어요|여기|오늘|와인|원하|으로|을까요|죄송|지만|카이|코울슬로|토마토|튀기|페퍼|포테이토|품절|하나|함께|혹시|혼합|훌륭,가지|따르|서비스|식당|에게|에서|제공
343,dev_343,48,13,3,0.0625,0.2308,1|10|12|3|30|4|가치|갑자기|걸리|광고|그러면|그런|그렇|그리고|끝내|네요|논문|다고|달러|동안|려고|매달|벌써|비싸|비용|사용|생각|소프트웨어|시작|아니요|어야|어요|에세이|영원히|예요|완성|이나|이후|작업|정도|졸업|짜리|컴퓨터|필요|하지만|학교|형편|화면,ᆸ니다|가격|광고|나타나|때문|습니다|어렵|어서|저렴하|집중|추천|컴퓨터|화면,광고|컴퓨터|화면,1|10|12|3|30|4|가치|갑자기|걸리|그러면|그런|그렇|그리고|끝내|네요|논문|다고|달러|동안|려고|매달|벌써|비싸|비용|사용|생각|소프트웨어|시작|아니요|어야|어요|에세이|영원히|예요|완성|이나|이후|작업|정도|졸업|짜리|필요|하지만|학교|형편,ᆸ니다|가격|나타나|때문|습니다|어렵|어서|저렴하|집중|추천
344,dev_344,55,12,5,0.0909,0.4167,guanyin|tie|ᆯ게|가공|가시|가지|각각|개인|건강|고맙|구나|구분|그거|그렇|그리고|기쁘|기준|녹차|느낌|는데|다고|다른|대하|더위|던데|따르|라고|마시|많이|모르|무슨|문화|물론|방법|상태|시간|알리|어야|에서|여름|우롱차|으로|이거|이나|이름|일반|임산부|정해진|종류|중요|편안|피하|하지만|헷갈리|홍차,ᆸ니다|가공|건강|공유|다양|대하|따르|방법|분류|설명|에게|이점,가공|건강|대하|따르|방법,guanyin|tie|ᆯ게|가시|가지|각각|개인|고맙|구나|구분|그거|그렇|그리고|기쁘|기준|녹차|느낌|는데|다고|다른|더위|던데|라고|마시|많이|모르|무슨|문화|물론|상태|시간|알리|어야|에서|여름|우롱차|으로|이거|이나|이름|일반|임산부|정해진|종류|중요|편안|피하|하지만|헷갈리|홍차,ᆸ니다|공유|다양|분류|설명|에게|이점
345,dev_345,35,13,5,0.1429,0.3846,15|30|7|ᆫ다고|ᆯ래|거의|걱정|괜찮|근데|까지|너무|는데|는지|니까|도와주|러시아워|맞추|물어보|방향|생각|시간|시간대|시작|식당|어디|어서|어야|어쨌든|우리|저녁|전화|절대|주차|지금|파티,ᆫ다|걱정|라고|문의|방향|부탁|식당|안내|에게|정보|주차|지만|파티,걱정|방향|식당|주차|파티,15|30|7|ᆫ다고|ᆯ래|거의|괜찮|근데|까지|너무|는데|는지|니까|도와주|러시아워|맞추|물어보|생각|시간|시간대|시작|어디|어서|어야|어쨌든|우리|저녁|전화|절대|지금,ᆫ다|라고|문의|부탁|안내|에게|정보|지만
346,dev_346,47,11,6,0.1277,0.5455,ᆫ데|가격|같이|거든|공기|구멍|깨끗|더라고|둥글|려고|물고기|바위|보이|비싸|사이|쇼핑|수조|수초|시장|어디|어서|어야|에다|에서|예쁘|우리|유지|으려고|은데|이랑|이번|일요일|저기|정말|좋아하|주위|주황색|준비|지나|지난번|찾아보|충분|키우|파란색|헤엄치|확인|훨씬,ᆸ니다|라고|물고기|바위|수조|수초|에게|위하|조언|준비|키우,물고기|바위|수조|수초|준비|키우,ᆫ데|가격|같이|거든|공기|구멍|깨끗|더라고|둥글|려고|보이|비싸|사이|쇼핑|시장|어디|어서|어야|에다|에서|예쁘|우리|유지|으려고|은데|이랑|이번|일요일|저기|정말|좋아하|주위|주황색|지나|지난번|찾아보|충분|파란색|헤엄치|확인|훨씬,ᆸ니다|라고|에게|위하|조언
347,dev_347,58,13,6,0.1034,0.4615,mary.|parker|pe|peter|ter.|the|torch|ᆫ데|ᆯ게|거든|공부|과제|그거|그것|그때|그래|그래서|그러니까|그럼|그리고|나오|내일|누구|도시|도와주|떠나|라고|마지막|만나|모르|문제|문학|미안|바로|사실|생물학|수업|수영|수학|시험|안녕|어떻|어서|어야|여기|연습|우리|을까|잡지|저녁|전학|점심|조교|지금|지내|캠퍼스|한테|회의,mary|peter|ᆸ니다|과제|내일|도움|만나|문제|어려움|에게|요청|이후|점심,peter|과제|내일|만나|문제|점심,mary.|parker|pe|ter.|the|torch|ᆫ데|ᆯ게|거든|공부|그거|그것|그때|그래|그래서|그러니까|그럼|그리고|나오|누구|도시|도와주|떠나|라고|마지막|모르|문학|미안|바로|사실|생물학|수업|수영|수학|시험|안녕|어떻|어서|어야|여기|연습|우리|을까|잡지|저녁|전학|조교|지금|지내|캠퍼스|한테|회의,mary|ᆸ니다|도움|어려움|에게|요청|이후
348,dev_348,48,11,6,0.125,0.5455,alexia|betty|daniel|dvd|joe|joe.|kingston|가족|계획|고맙|그냥|그리고|기다리|남편|는데|대학|데려가|떠나|려고|만나|모임|미안|방문|보내|부서|사람|아마도|안녕|어디|어떻|어야|얼마나|에서|여행|연휴|우리|이랑|이모|이제|이틀|자동차|정도|즐겁|지만|추수감사절|친구|토론토|학교,alexia|joe|ᆫ다|가족|계획|여행|예정|이야기|추수감사절|함께|휴일,alexia|joe|가족|계획|여행|추수감사절,betty|daniel|dvd|joe.|kingston|고맙|그냥|그리고|기다리|남편|는데|대학|데려가|떠나|려고|만나|모임|미안|방문|보내|부서|사람|아마도|안녕|어디|어떻|어야|얼마나|에서|연휴|우리|이랑|이모|이제|이틀|자동차|정도|즐겁|지만|친구|토론토|학교,ᆫ다|예정|이야기|함께|휴일
349,dev_349,31,8,3,0.0968,0.375,ᆫ데|거든|교통|그래도|그렇|근데|기차|나쁘|날씨|네트|답장|리사|보다|보통|빠르|생각|시간대|신문|아니|안녕|어서|에서|이나|이메일|이미|출근|충분히|타.|하루|항상|훨씬,ᆫ다|날씨|네트|논의|대하|리사|방법|출퇴근,날씨|네트|리사,ᆫ데|거든|교통|그래도|그렇|근데|기차|나쁘|답장|보다|보통|빠르|생각|시간대|신문|아니|안녕|어서|에서|이나|이메일|이미|출근|충분히|타.|하루|항상|훨씬,ᆫ다|논의|대하|방법|출퇴근
350,dev_350,31,8,6,0.1935,0.75,1|ᆫ데|ᆯ까요|ᆸ니다|계좌|고맙|그것|금액|나가|네요|드리|문제|사실|상태|세요|습니다|안녕하세요|어떻|얼마|에서|여기|여서|용지|위안|으시|인출|작성|제한|창구|통장|확인,1|ᆸ니다|계좌|도록|도와주|에서|위안|인출,1|ᆸ니다|계좌|에서|위안|인출,ᆫ데|ᆯ까요|고맙|그것|금액|나가|네요|드리|문제|사실|상태|세요|습니다|안녕하세요|어떻|얼마|여기|여서|용지|으시|작성|제한|창구|통장|확인,도록|도와주
351,dev_351,34,10,4,0.1176,0.4,it|ᆫ가|괜찮아|교체|글씨|기계|너무|누구|는데|다고|다루|대량|보이|부서|빨리|사람|사무실|시키|아니|어서|어차피|우리|으로|은데|잖아|장비|전자|직접|최근|카트리지|토너|팩스|한테|흐리,it|ᆫ다|도움|라고|부서|에게|요청|제안|카트리지|토너,it|부서|카트리지|토너,ᆫ가|괜찮아|교체|글씨|기계|너무|누구|는데|다고|다루|대량|보이|빨리|사람|사무실|시키|아니|어서|어차피|우리|으로|은데|잖아|장비|전자|직접|최근|팩스|한테|흐리,ᆫ다|도움|라고|에게|요청|제안
352,dev_352,69,12,8,0.1159,0.6667,ᆫ가요|ᆯ까요|ᆸ니다|가능|가져오|감사|계약서|고객|관심|군요|귀사|그런데|네요|논의|다고|당사자|당신|대부분|도록|리스트|목록|무슨|물품|바라|반갑|배송|새롭|생각|수입|스미스|스커트|스타일|습니다|시키|실크|어떻|어서|어요|었었|에요|여기|올해|우리|의견|이렇|이전|저희|정말|제때|제안|제품|주문|준비|중국|지금|차이|참여|체결|최근|최신|충족|코트|피하|필요|하나|하반기|함께|협의|환영,ᆸ니다|결정|고객|논의|방문|스미스|시키|위하|의류|주문|중국|참여,ᆸ니다|고객|논의|스미스|시키|주문|중국|참여,ᆫ가요|ᆯ까요|가능|가져오|감사|계약서|관심|군요|귀사|그런데|네요|다고|당사자|당신|대부분|도록|리스트|목록|무슨|물품|바라|반갑|배송|새롭|생각|수입|스커트|스타일|습니다|실크|어떻|어서|어요|었었|에요|여기|올해|우리|의견|이렇|이전|저희|정말|제때|제안|제품|준비|지금|차이|체결|최근|최신|충족|코트|피하|필요|하나|하반기|함께|협의|환영,결정|방문|위하|의류
353,dev_353,66,13,9,0.1364,0.6923,"1,890|10|222|30|630|7|8|airlines|alex|bo|ern.|hao|kathy|mr.|northwest|st|stern|ᆯ게요|ᆸ니다|가지|감사|결제|광저우|괜찮|구역|구하|국제|나요|네요|누구|달러|드리|말씀|물론|번호|비행기|세요|습니다|신용|아이|아침|안녕하세요|알리|어요|에서|여보세요|여행|여행사|연필|예약|완료|원하|으로|으며|을게요|이름|이용|일등석|정보|좌석|준비|출발|카드|티켓|함께|흡연",bo|hao|mr.|stern|ᆸ니다|비행기|예약|요청|이름|정보|제공|통화|행인,bo|hao|mr.|stern|ᆸ니다|비행기|예약|이름|정보,"1,890|10|222|30|630|7|8|airlines|alex|ern.|kathy|northwest|st|ᆯ게요|가지|감사|결제|광저우|괜찮|구역|구하|국제|나요|네요|누구|달러|드리|말씀|물론|번호|세요|습니다|신용|아이|아침|안녕하세요|알리|어요|에서|여보세요|여행|여행사|연필|완료|원하|으로|으며|을게요|이용|일등석|좌석|준비|출발|카드|티켓|함께|흡연",요청|제공|통화|행인
354,dev_354,18,6,2,0.1111,0.3333,...|ᆯ게|ᆯ까|같이|거든|고맙|괜찮|그러|근무|날씨|담배|라이터|미안|아니|아쉽|여기|으면|절대,ᆫ다|건네|권하|담배|라이터|에게,담배|라이터,...|ᆯ게|ᆯ까|같이|거든|고맙|괜찮|그러|근무|날씨|미안|아니|아쉽|여기|으면|절대,ᆫ다|건네|권하|에게
355,dev_355,52,9,3,0.0577,0.3333,거리|공중|교통|금방|날렵|높이|느낌|다니|다른|독일|두려움|뒷골목|디자인|랄까|려고|마치|만들|매력|모르|문제|바로|발판|배우|사라지|사람|서핑|세계|세우|스쿠터|양손|어서|어요|에게|에서|에요|엔지니어|예쁘|예요|요즘|운전|으로|이렇|인기|자주|자형|정교|조절|지면|편하|필요|해결|휴대,대하|방법|사용|세계|스쿠터|습니다|이야기|인기|장점,세계|스쿠터|인기,거리|공중|교통|금방|날렵|높이|느낌|다니|다른|독일|두려움|뒷골목|디자인|랄까|려고|마치|만들|매력|모르|문제|바로|발판|배우|사라지|사람|서핑|세우|양손|어서|어요|에게|에서|에요|엔지니어|예쁘|예요|요즘|운전|으로|이렇|자주|자형|정교|조절|지면|편하|필요|해결|휴대,대하|방법|사용|습니다|이야기|장점
356,dev_356,26,8,2,0.0769,0.25,가을|걱정|겨울|공기|그러면|그렇|그렇지|날씨|많이|멋있|습하|어떻|어야|에서|여름|오늘|우리|우산|자주|전혀|정말|지루|지역|챙기|충분히|힘들,ᆸ니다|날씨|대하|에게|이야기|자신|지역|특징,날씨|지역,가을|걱정|겨울|공기|그러면|그렇|그렇지|많이|멋있|습하|어떻|어야|에서|여름|오늘|우리|우산|자주|전혀|정말|지루|챙기|충분히|힘들,ᆸ니다|대하|에게|이야기|자신|특징
357,dev_357,41,10,4,0.0976,0.4,6|adam|alice|거든|걸리|결국|계속|괜히|교통|그냥|그렇|금방|급하|까다롭|꼬이|끝나|끝내|놓치|다고|라고|미안|버스|상사|시간|아니|약속|어디|어쩌|에서|으니|으면|을까|이나|이렇|잖아|처음|체증|퇴근|편지|하지만|회사,adam|alice|ᆫ다|그녀|사과|설명|시간|약속|이상|이유,adam|alice|시간|약속,6|거든|걸리|결국|계속|괜히|교통|그냥|그렇|금방|급하|까다롭|꼬이|끝나|끝내|놓치|다고|라고|미안|버스|상사|아니|어디|어쩌|에서|으니|으면|을까|이나|이렇|잖아|처음|체증|퇴근|편지|하지만|회사,ᆫ다|그녀|사과|설명|이상|이유
358,dev_358,45,9,1,0.0222,0.1111,...|10|30|7|ᆯ까|그거|그래|그러|그러게|그렇|그리고|기도|까지|끼어들|너무|느리|는데|다른|다음|매트릭스|모르|바라|밖에|사람|상영|아무|어도|어야지|어쩌|언제|여기|영화|영화관|오늘|우리|은데|을까|이렇|잖아|정말|제발|조금|차라리|차례|해보,ᆸ니다|거절|결국|기다리|습니다|암표|제안|지만|차례,차례,...|10|30|7|ᆯ까|그거|그래|그러|그러게|그렇|그리고|기도|까지|끼어들|너무|느리|는데|다른|다음|매트릭스|모르|바라|밖에|사람|상영|아무|어도|어야지|어쩌|언제|여기|영화|영화관|오늘|우리|은데|을까|이렇|잖아|정말|제발|조금|차라리|해보,ᆸ니다|거절|결국|기다리|습니다|암표|제안|지만
359,dev_359,27,11,5,0.1852,0.4545,ᆯ까요|ᆸ니다|가능|그거|그럼|그렇|나요|네요|대출|도서관|드리|려고|무엇|반납|비디오|습니다|어요|에서|열람|오늘|은데|을까요|이나|잡지|저희|정책|허용,ᆸ니다|고자|다고|대출|도서관|불가|불만|안내|잡지|정책|지만,ᆸ니다|대출|도서관|잡지|정책,ᆯ까요|가능|그거|그럼|그렇|나요|네요|드리|려고|무엇|반납|비디오|습니다|어요|에서|열람|오늘|은데|을까요|이나|저희|허용,고자|다고|불가|불만|안내|지만
360,dev_360,26,9,5,0.1923,0.5556,ary.|ᆫ다고|구나|그냥|그리워하|그립|내일|너희|니까|다녀오|다시|돌아가|떠나|려고|많이|미국|반갑|배려|안녕|우리|으로|인사|작별|조심히|친구|한테,mary|돌아가|미국|에게|위하|으로|인사|작별|찾아오,돌아가|미국|으로|인사|작별,ary.|ᆫ다고|구나|그냥|그리워하|그립|내일|너희|니까|다녀오|다시|떠나|려고|많이|반갑|배려|안녕|우리|조심히|친구|한테,mary|에게|위하|찾아오
361,dev_361,162,26,17,0.1049,0.6538,...|4|400|6|dj|ᆯ게요|ᆯ까요|ᆯ래|ᆯ지|가수|간단|강단|개월|거의|걱정|건배|결혼|결혼식|계획|고용|공식|괜찮|교회|그날|그녀|그래서|그룹|그리고|기다리|기대|깜짝|꿈꾸|나이|날짜|남편|노래|노스|놀라|누구|다고|다만|다면|답례|당신|대략|대부분|더니|더라|라고|려고|리셉션|만들|멋지|멜리사|명단|모든|모르|모습|모험|물론|믹스|반지|밴드|버티|벌써|부담|부모|부인|비용|빠뜨리|사실|사진사|사촌|삼촌|상담|색상|생각|서빙|세요|솔로|시간|시작|싸우|아니|아직|아쿠아마린|약간|어도|어떻|어서|어야|어요|어쨌든|언제|에서|에요|엔터테인먼트|여동생|여름|여성분|연회장|예산|예요|예정|오페라|우리|우즈|웨딩|으니까|으로|으면|으면서|을까요|음료|음식|음악|의붓|이름|이미|자기|자매|작성|장소|장식|정도|정말|정하|제러드|조개껍데기|조만간|조절|주례|주름|준비|중주|지나|지난달|지만|진행|차분하|참석|처럼|청소년|초대|충분|친구|케이크|테마|통하|트리나|파라다이스|파란색|패키지|평생|프로포즈|플로리스트|하이츠|할인|함께|해결|현악|회사,400|ᆸ니다|결혼|계획|그녀|날짜|놀라|다는|들뜨|멜리사|명단|반지|받아들이|사항|상태|어서|에게서|이미|이야기|작성|정하|제러드|준비|트리나|프로포즈|힘들,400|결혼|계획|그녀|날짜|놀라|멜리사|명단|반지|어서|이미|작성|정하|제러드|준비|트리나|프로포즈,...|4|6|dj|ᆯ게요|ᆯ까요|ᆯ래|ᆯ지|가수|간단|강단|개월|거의|걱정|건배|결혼식|고용|공식|괜찮|교회|그날|그래서|그룹|그리고|기다리|기대|깜짝|꿈꾸|나이|남편|노래|노스|누구|다고|다만|다면|답례|당신|대략|대부분|더니|더라|라고|려고|리셉션|만들|멋지|모든|모르|모습|모험|물론|믹스|밴드|버티|벌써|부담|부모|부인|비용|빠뜨리|사실|사진사|사촌|삼촌|상담|색상|생각|서빙|세요|솔로|시간|시작|싸우|아니|아직|아쿠아마린|약간|어도|어떻|어야|어요|어쨌든|언제|에서|에요|엔터테인먼트|여동생|여름|여성분|연회장|예산|예요|예정|오페라|우리|우즈|웨딩|으니까|으로|으면|으면서|을까요|음료|음식|음악|의붓|이름|자기|자매|장소|장식|정도|정말|조개껍데기|조만간|조절|주례|주름|중주|지나|지난달|지만|진행|차분하|참석|처럼|청소년|초대|충분|친구|케이크|테마|통하|파라다이스|파란색|패키지|평생|플로리스트|하이츠|할인|함께|해결|현악|회사,ᆸ니다|다는|들뜨|받아들이|사항|상태|에게서|이야기|힘들
362,dev_362,63,18,11,0.1746,0.6111,ᆫ다고|ᆯ까|거든|계획|고맙|괜찮|교통|구직|그거|그것|긍정|기분|까다롭|끔찍|다르|다시|더라고|라고|라는|만나|모르|무슨|보다|보이|사고|사람|상사|소리|솔직히|시간|심술궂|아니|아바|알람|어떻|어서|어야|언급|여유|오늘|으려고|은데|이나|이렇게|이번|이튼|이해심|일단|잖아|정말|제안|중국|지금|직장|처음|출근|친구|편안|평소|해고|현명|호주|활동,ᆫ다|긍정|기분|나쁘|다고|다른|다며|다음|상사|아바|어서|으면|이튼|이해심|제안|직장|출근|해고,긍정|기분|상사|아바|어서|이튼|이해심|제안|직장|출근|해고,ᆫ다고|ᆯ까|거든|계획|고맙|괜찮|교통|구직|그거|그것|까다롭|끔찍|다르|다시|더라고|라고|라는|만나|모르|무슨|보다|보이|사고|사람|소리|솔직히|시간|심술궂|아니|알람|어떻|어야|언급|여유|오늘|으려고|은데|이나|이렇게|이번|일단|잖아|정말|중국|지금|처음|친구|편안|평소|현명|호주|활동,ᆫ다|나쁘|다고|다른|다며|다음|으면
363,dev_363,71,16,11,0.1549,0.6875,lucy|monica|ᆫ가|ᆯ까|가뭄|같이|거든|결과|계획|그거|기다리|기후|까지|나가|나무|나타나|날씨|내리|노력|는데|다가|당장|때문|많이|망가지|모래|문제|바꾸|방법|버리|보다|북쪽|사람|사실|사용|새롭|쇼핑|수도|아침|아파트|악천후|안타깝|어서|에서|예전|오늘|오후|완벽|완전히|요즘|위하|으려고|이렇|이상|이제|일어나|자고|자주|잠잠|전화|정말|정부|지금|청소|최악|폭풍|하지만|한테|해결|핸드백|화창,lucy|monica|ᆸ니다|계획|나무|노력|다고|때문|모래|쇼핑|습니다|어야|으려고|정부|포기|폭풍,lucy|monica|계획|나무|노력|때문|모래|쇼핑|으려고|정부|폭풍,ᆫ가|ᆯ까|가뭄|같이|거든|결과|그거|기다리|기후|까지|나가|나타나|날씨|내리|는데|다가|당장|많이|망가지|문제|바꾸|방법|버리|보다|북쪽|사람|사실|사용|새롭|수도|아침|아파트|악천후|안타깝|어서|에서|예전|오늘|오후|완벽|완전히|요즘|위하|이렇|이상|이제|일어나|자고|자주|잠잠|전화|정말|지금|청소|최악|하지만|한테|해결|핸드백|화창,ᆸ니다|다고|습니다|어야|포기
364,dev_364,44,13,9,0.2045,0.6923,...|elaine|mr.|robinson|가족|고등학교|그거|그녀|그래|그러|그럼|그렇|그렇게|나가|는지|다고|다면|대체|데이트|돌아오|마음|매일|모르|목요일|바쁘|방법|상관없|신청|아니|어떻|어야|에게|에서|이후|잖아|저녁|전부|정말로|제발|중요|지만|초대|학교|한테,elaine|robinson|ᆫ다|가족|거절|결국|데이트|식사|신청|에게|저녁|지만|초대,elaine|robinson|가족|데이트|신청|에게|저녁|지만|초대,...|mr.|고등학교|그거|그녀|그래|그러|그럼|그렇|그렇게|나가|는지|다고|다면|대체|돌아오|마음|매일|모르|목요일|바쁘|방법|상관없|아니|어떻|어야|에서|이후|잖아|전부|정말로|제발|중요|학교|한테,ᆫ다|거절|결국|식사
365,dev_365,34,14,8,0.2353,0.5714,3|chicago|helen|ᆯ지|거기|결정|경제학|계속|고맙|공부|기대|대학교|돌아오|라고|많이|먼저|미국|부터|석사|신나|아마도|어느|어서|얼마나|오래|을지|전공|정도|정말|진짜|축하|친구|학교|행운,3|chicago|helen|ᆫ다|경제학|공부|그녀|대학교|동안|석사|에게|에서|예정|행운,3|chicago|helen|경제학|공부|대학교|석사|행운,ᆯ지|거기|결정|계속|고맙|기대|돌아오|라고|많이|먼저|미국|부터|신나|아마도|어느|어서|얼마나|오래|을지|전공|정도|정말|진짜|축하|친구|학교,ᆫ다|그녀|동안|에게|에서|예정
366,dev_366,36,8,5,0.1389,0.625,30|6|7|char|les.|ᆫ데|ᆯ게|ᆯ까|가져가|가져오|걱정|그냥|는데|데리|드디어|모자라|물론|바쁘|시작|아니|아파트|안녕|어도|으면|의자|자리|접이식|정도|주소|진짜|집들이|초대|토요일|한가하|헤이티|혹시,charles|가져오|습니다|위하|의자|접이식|집들이|초대,가져오|의자|접이식|집들이|초대,30|6|7|char|les.|ᆫ데|ᆯ게|ᆯ까|가져가|걱정|그냥|는데|데리|드디어|모자라|물론|바쁘|시작|아니|아파트|안녕|어도|으면|자리|정도|주소|진짜|토요일|한가하|헤이티|혹시,charles|습니다|위하
367,dev_367,18,10,5,0.2778,0.5,ᆯ게요|ᆯ까요|국제|급하|뉴델리|드리|발행|세요|송금|수표|아니|안녕|안녕하세요|어떻|어요|에요|으로|은행,ᆸ니다|뉴델리|따르|발행|송금|수표|안내|원하|은행|통하,뉴델리|발행|송금|수표|은행,ᆯ게요|ᆯ까요|국제|급하|드리|세요|아니|안녕|안녕하세요|어떻|어요|에요|으로,ᆸ니다|따르|안내|원하|통하
368,dev_368,35,9,5,0.1429,0.5556,1|2|20|4|6|ᆸ니다|가루|감사|나요|녹이|눈꺼풀|다음|담그|동안|뜨겁|매일|바르|방울|사용|세요|안약|어떻|어서|어야|어요|에서|연고|오른쪽|으세요|이나|이랑|정도|조금씩|천만에요|하루,ᆸ니다|가루|방법|사용|설명|안약|에게|연고|올바르,ᆸ니다|가루|사용|안약|연고,1|2|20|4|6|감사|나요|녹이|눈꺼풀|다음|담그|동안|뜨겁|매일|바르|방울|세요|어떻|어서|어야|어요|에서|오른쪽|으세요|이나|이랑|정도|조금씩|천만에요|하루,방법|설명|에게|올바르
369,dev_369,29,8,3,0.1034,0.375,...|sarah|가지|거기|그냥|그래서|그리고|더라고|동호회|려고|만나|멋지|물건|빌리|빛나|사람|상상|선루프|쇼핑|시계|시원|아니|어서|여러|여자|운전|이거|이런|회사,sarah|ᆫ다|ᆫ다고|보이|빌리|설명|쇼핑|에게,sarah|빌리|쇼핑,...|가지|거기|그냥|그래서|그리고|더라고|동호회|려고|만나|멋지|물건|빛나|사람|상상|선루프|시계|시원|아니|어서|여러|여자|운전|이거|이런|회사,ᆫ다|ᆫ다고|보이|설명|에게
370,dev_370,17,8,5,0.2941,0.625,ᆯ래|ᆯ래요|그럼요|메뉴|세요|스테이크|습니다|어요|에요|여기|음식|저기|제일|지역|추천|특산물|필레,ᆸ니다|스테이크|으로|음식|주문|지역|추천|필레,스테이크|음식|지역|추천|필레,ᆯ래|ᆯ래요|그럼요|메뉴|세요|습니다|어요|에요|여기|저기|제일|특산물,ᆸ니다|으로|주문
371,dev_371,31,13,8,0.2581,0.6154,1212|15|wang|wei|ᆯ까요|ᆸ니다|걸리|괜찮|나요|다른|대단히|드리|먼저|번호|불편|수리|습니다|어도|어떻게|에서|에어컨|오래|옮기|으로|작동|제공|죄송|직원|프런트|혹시|확인,1212|wang|wei|ᆸ니다|고장|다른|도록|에어컨|옮기|으로|조치|취하|호텔,1212|wang|wei|ᆸ니다|다른|에어컨|옮기|으로,15|ᆯ까요|걸리|괜찮|나요|대단히|드리|먼저|번호|불편|수리|습니다|어도|어떻게|에서|오래|작동|제공|죄송|직원|프런트|혹시|확인,고장|도록|조치|취하|호텔
372,dev_372,45,19,12,0.2667,0.6316,"2,300|6|600|cet|gre|toefl|경험|기에|능숙|다고|다른|배우|번역|번역가|부터|사람|사무실|생각|소통|수준|시작|실력|어떻|어서|어요|언제|업무|에서|에요|영어|예전|외국|외국어|유창|이나|일반|자료|초등|충분|통과|학교|한국|회사|회화|훈련",가지|기록|능숙|다고|번역|보이|사무실|성적|수행|습니다|시험|실력|업무|에서|영어|충분|한국|회사|회화,능숙|다고|번역|사무실|실력|업무|에서|영어|충분|한국|회사|회화,"2,300|6|600|cet|gre|toefl|경험|기에|다른|배우|번역가|부터|사람|생각|소통|수준|시작|어떻|어서|어요|언제|에요|예전|외국|외국어|유창|이나|일반|자료|초등|통과|학교|훈련",가지|기록|보이|성적|수행|습니다|시험
373,dev_373,50,15,7,0.14,0.4667,...|100|500|80|ᆫ가|ᆯ게요|ᆸ니다|가격|가능|견적|경우|계산|공장|괜찮|규모|그렇|금액|기다리|기준|까지|나요|대략|드리|라도|맞추|며칠|비용|생각|세요|습니다|시간|알리|어렵|어야|어요|얼마나|에서|예산|오래|우리|으로|으시|은데|이상|잠시|저희|정도|조정|주문|필요,100|ᆸ니다|가격|가능|견적|느끼|다고|대수|대하|설명|에게|요청|조금|조정|주문,100|ᆸ니다|가격|가능|견적|조정|주문,...|500|80|ᆫ가|ᆯ게요|경우|계산|공장|괜찮|규모|그렇|금액|기다리|기준|까지|나요|대략|드리|라도|맞추|며칠|비용|생각|세요|습니다|시간|알리|어렵|어야|어요|얼마나|에서|예산|오래|우리|으로|으시|은데|이상|잠시|저희|정도|필요,느끼|다고|대수|대하|설명|에게|요청|조금
374,dev_374,31,10,7,0.2258,0.7,117|chen|terry|ᆯ게요|ᆯ까요|ᆸ니다|감사|고객|기다리|나요|도움|드리|바로|방금|번호|보내|부탁|서비스|습니다|아직|어떤|어떻|어서|어요|에요|여보세요|우리|이름|전화|청소|체크인,117|chen|terry|ᆸ니다|서비스|요청|위하|전화|청소|호실,117|chen|terry|ᆸ니다|서비스|전화|청소,ᆯ게요|ᆯ까요|감사|고객|기다리|나요|도움|드리|바로|방금|번호|보내|부탁|습니다|아직|어떤|어떻|어서|어요|에요|여보세요|우리|이름|체크인,요청|위하|호실
375,dev_375,33,13,3,0.0909,0.2308,www.yahoo.com|ᆫ데|ᆯ게|가격|거기|고맙|그래|그렇|비행기|사이트|살펴보|석기|시대|아니|아직|알리|어떻|어서|엄마|엄청|여행|위하|으로|은데|인터넷|잖아|정말|중국|진짜|클릭|티켓|필요|휴가,ᆫ다|다고|방법|설명|에게|으로|인터넷|저렴|중국|통하|함께|항공|항공권,으로|인터넷|중국,www.yahoo.com|ᆫ데|ᆯ게|가격|거기|고맙|그래|그렇|비행기|사이트|살펴보|석기|시대|아니|아직|알리|어떻|어서|엄마|엄청|여행|위하|은데|잖아|정말|진짜|클릭|티켓|필요|휴가,ᆫ다|다고|방법|설명|에게|저렴|통하|함께|항공|항공권
376,dev_376,44,9,4,0.0909,0.4444,5|ᆫ가|검정색|구매|구하|근데|나요|네요|는데|되게|드리|미국|보이|불편|사이즈|생기|신발|아니|어떤|어요|에서|에요|여기|여동생|여자|올해|요즘|유행|으세요|이거|이런|이렇|이요|작년|재작년|정말|죄송|지금|지난달|지만|켤레|하지만|한테|항상,ᆸ니다|다른|불편|습니다|신발|유행|지만|추천|품절,불편|신발|유행|지만,5|ᆫ가|검정색|구매|구하|근데|나요|네요|는데|되게|드리|미국|보이|사이즈|생기|아니|어떤|어요|에서|에요|여기|여동생|여자|올해|요즘|으세요|이거|이런|이렇|이요|작년|재작년|정말|죄송|지금|지난달|켤레|하지만|한테|항상,ᆸ니다|다른|습니다|추천|품절
377,dev_377,38,16,2,0.0526,0.125,...|가장|검은색|그거|근데|날아가|너무|넥타이|대각선|대화|딜버트|라니|별로|보수|빨간색|선물|세상|에게|에서|올라가|올해|완벽|우와|웃기|으로|이거|이런|재미있|저거|정말|주제|줄무늬|지루하|처럼|철사|평범|하지만|흔하,ᆸ니다|그것|그러나|기능|넥타이|다고|다는|마음|멋지|보이|생각|선물|습니다|시작|아이디어|특별,넥타이|선물,...|가장|검은색|그거|근데|날아가|너무|대각선|대화|딜버트|라니|별로|보수|빨간색|세상|에게|에서|올라가|올해|완벽|우와|웃기|으로|이거|이런|재미있|저거|정말|주제|줄무늬|지루하|처럼|철사|평범|하지만|흔하,ᆸ니다|그것|그러나|기능|다고|다는|마음|멋지|보이|생각|습니다|시작|아이디어|특별
378,dev_378,31,8,3,0.0968,0.375,ᆸ니다|감사|계획|그렇|끝나|나요|더라고|돌리|드리|머무르|방학|보름|사람|세요|습니다|어디|어요|얼마나|에서|에요|여권|여기|요즘|저희|정도|중국|푸젠|학교|호주|환영|휴가,계획|대하|목적|방문|습니다|여권|체류|확인,계획|습니다|여권,ᆸ니다|감사|그렇|끝나|나요|더라고|돌리|드리|머무르|방학|보름|사람|세요|어디|어요|얼마나|에서|에요|여기|요즘|저희|정도|중국|푸젠|학교|호주|환영|휴가,대하|목적|방문|체류|확인
379,dev_379,33,9,7,0.2121,0.7778,12|50|ᆫ가|ᆯ게요|ᆯ까요|ᆯ로|ᆸ니다|검정색|그러면|나요|너무|네요|노란색|달러|드리|마음|분홍색|사이즈|센트|습니다|아뇨|어둡|어떻|어요|얼마|여기|으세요|이거|이나|잠시|죄송|초록색|티셔츠,12|50|ᆸ니다|구입|달러|도움|분홍색|센트|티셔츠,12|50|ᆸ니다|달러|분홍색|센트|티셔츠,ᆫ가|ᆯ게요|ᆯ까요|ᆯ로|검정색|그러면|나요|너무|네요|노란색|드리|마음|사이즈|습니다|아뇨|어둡|어떻|어요|얼마|여기|으세요|이거|이나|잠시|죄송|초록색,구입|도움
380,dev_380,42,9,6,0.1429,0.6667,ᆯ게요|ᆯ까요|갈색|그러|그럼|나요|너무|네요|다는|다르|대체|드리|려고|멋지|문제|반값|보이|불편|비슷|비싸|빨간색|상자|세요|스타일|습니다|신고|신발|아니|어떻|어요|에요|예요|오래|으로|으면|으세요|정말|지금|켤레|허름|혹시|훨씬,ᆸ니다|구입|대체|도움|비슷|스타일|신발|으로|켤레,대체|비슷|스타일|신발|으로|켤레,ᆯ게요|ᆯ까요|갈색|그러|그럼|나요|너무|네요|다는|다르|드리|려고|멋지|문제|반값|보이|불편|비싸|빨간색|상자|세요|습니다|신고|아니|어떻|어요|에요|예요|오래|으면|으세요|정말|지금|허름|혹시|훨씬,ᆸ니다|구입|도움
381,dev_381,21,12,5,0.2381,0.4167,10|25|ᆫ가요|ᆫ다고|ᆸ니다|가끔|네요|다는|당신|던데|도착|드리|말씀|수업|아들|야말로|어야|이번|일찍|정말|항상,ᆸ니다|가끔|거짓말|깨닫|는다고|다는|사실|수업|아들|알리|에게|혼내,ᆸ니다|가끔|다는|수업|아들,10|25|ᆫ가요|ᆫ다고|네요|당신|던데|도착|드리|말씀|야말로|어야|이번|일찍|정말|항상,거짓말|깨닫|는다고|사실|알리|에게|혼내
382,dev_382,80,18,11,0.1375,0.6111,1|3|ᆫ가|ᆫ가요|ᆯ게요|ᆸ니다|가끔|가능|감기|감사|거든요|건강|걸리|공기|권하|규칙|그냥|그럼|그렇|그리고|기침|긴장|나가|나요|내쉬고|너무|느끼|다시|도움|독감|드리|들이쉬|마시|많이|문제|문제없|바쁘|벌리|보세|부터|사무실|산책|선생|세요|셔츠|솔직히|스포츠|신선|아니|아아아|안녕|안녕히|안녕히 계세요|어도|어떻|어서|어요|언제|에서|에어컨|에요|여름|예요|운동|으로|으세요|을까요|의사|이제|자주|정도|정말|조류|지만|테니스|피곤|필요|항상|혹시|힘들,감기|건강|권장|규칙|나가|다는|사무실|습니다|심하|에서|에어컨|운동|으로|의사|자주|조언|증상|진찰,감기|건강|규칙|나가|사무실|에서|에어컨|운동|으로|의사|자주,1|3|ᆫ가|ᆫ가요|ᆯ게요|ᆸ니다|가끔|가능|감사|거든요|걸리|공기|권하|그냥|그럼|그렇|그리고|기침|긴장|나요|내쉬고|너무|느끼|다시|도움|독감|드리|들이쉬|마시|많이|문제|문제없|바쁘|벌리|보세|부터|산책|선생|세요|셔츠|솔직히|스포츠|신선|아니|아아아|안녕|안녕히|안녕히 계세요|어도|어떻|어서|어요|언제|에요|여름|예요|으세요|을까요|이제|정도|정말|조류|지만|테니스|피곤|필요|항상|혹시|힘들,권장|다는|습니다|심하|조언|증상|진찰
383,dev_383,45,15,9,0.2,0.6,da|san.|su|vid.|거든|계속|계획|고민|그래서|그럼|그만두|기대|니까|댄서|댄스|려고|만큼|멋지|모르|무례|상사|생각|생활|성공|아니|아주|아직|안녕|어떻|어야|오랜만|오르|이런|이제|잖아|정말|정상|지내|직업|직장|진지|필요|하지만|학교|훈련,david|susan|ᆸ니다|계획|그만두|댄서|댄스|무례|상사|성공|습니다|으로|인하|직장|학교,계획|그만두|댄서|댄스|무례|상사|성공|직장|학교,da|san.|su|vid.|거든|계속|고민|그래서|그럼|기대|니까|려고|만큼|멋지|모르|생각|생활|아니|아주|아직|안녕|어떻|어야|오랜만|오르|이런|이제|잖아|정말|정상|지내|직업|진지|필요|하지만|훈련,david|susan|ᆸ니다|습니다|으로|인하
384,dev_384,19,13,4,0.2105,0.3077,pcc|ᆯ게|거기|고맙|기분|까지|다니|더라|바라|수업|시작|어디|어떻|오늘|요즘|정말|지금|지내|학교,pcc|ᆸ니다|긍정|다니|서로|수업|시작|안부|으로|으며|주고받|최근|평가,pcc|다니|수업|시작,ᆯ게|거기|고맙|기분|까지|더라|바라|어디|어떻|오늘|요즘|정말|지금|지내|학교,ᆸ니다|긍정|서로|안부|으로|으며|주고받|최근|평가
385,dev_385,80,11,6,0.075,0.5455,abs|ᆫ가요|ᆯ게요|ᆯ까요|ᆸ니다|가격|경제|계시|고민|그거|그것|기능|네요|느끼|는지|다고|다는|다르|다른|당신|대하|데려오|데리|도시|동시|드리|로서|말씀|매력|매우|모델|방지|보다|부모|브레이크|비싸|생각|설계|세요|소비|소형차|시운전|신경|아니|아이|안전|어다|어떤|어떻|어서|어요|에게|에서|에어백|에요|연간|연료|연비|요즘|운전|운전석|을까요|자동차|잖아요|장점|저렴|절감|정말|조수석|주요|추천|충돌|편하|포함|필요|하지만|학교|한테|합리|휘발유,ᆸ니다|가격|라고|만족|소개|소형차|시운전|에게|제안|추천|특징,ᆸ니다|가격|소형차|시운전|에게|추천,abs|ᆫ가요|ᆯ게요|ᆯ까요|경제|계시|고민|그거|그것|기능|네요|느끼|는지|다고|다는|다르|다른|당신|대하|데려오|데리|도시|동시|드리|로서|말씀|매력|매우|모델|방지|보다|부모|브레이크|비싸|생각|설계|세요|소비|신경|아니|아이|안전|어다|어떤|어떻|어서|어요|에서|에어백|에요|연간|연료|연비|요즘|운전|운전석|을까요|자동차|잖아요|장점|저렴|절감|정말|조수석|주요|충돌|편하|포함|필요|하지만|학교|한테|합리|휘발유,라고|만족|소개|제안|특징
386,dev_386,21,7,1,0.0476,0.1429,3|감사|감사원|개월|걸리|근무|까지|나요|대학|부서|습니다|아주|어요|얼마나|업무|에서|으세요|은행|재무|졸업|회계,ᆸ니다|감사|경력|경험|설명|에게|자신,감사,3|감사원|개월|걸리|근무|까지|나요|대학|부서|습니다|아주|어요|얼마나|업무|에서|으세요|은행|재무|졸업|회계,ᆸ니다|경력|경험|설명|에게|자신
387,dev_387,23,12,4,0.1739,0.3333,...|vicky|가지|그리고|꾸미|너무|라고|별로|보라색|부터|상의|생각|솔직히|스타일|아까|어떻|예쁘|자신감|조용|차리|청바지|편안|편하,vicky|ᆫ다고|ᆸ니다|가지|꾸미|너무|다고|대하|어야|의견|자신|조언,vicky|가지|꾸미|너무,...|그리고|라고|별로|보라색|부터|상의|생각|솔직히|스타일|아까|어떻|예쁘|자신감|조용|차리|청바지|편안|편하,ᆫ다고|ᆸ니다|다고|대하|어야|의견|자신|조언
388,dev_388,57,16,10,0.1754,0.625,...|ᆸ니다|가져오|감사|갱신|건강|계절|그것|그냥|그럼|기다리|기억|까지|나누|네요|당신|대련|라고|라는|만들|멋지|바라|보람|부유|서예|세요|스스로|시간|쓰이|아니|아름답|안기|어떻|어야|어요|에게|여기|예요|오늘|유명|으시|이거|이나|이제|인내심|작품|장수|절대|정말|종류|주고받|중국|지나가|진정|특히|행운|확실하,ᆸ니다|그것|기다리|기뻐하|나누|대련|매우|서예|습니다|시간|아름답|에게|오랜|위하|으며|중국,ᆸ니다|그것|기다리|나누|대련|서예|시간|아름답|에게|중국,...|가져오|감사|갱신|건강|계절|그냥|그럼|기억|까지|네요|당신|라고|라는|만들|멋지|바라|보람|부유|세요|스스로|쓰이|아니|안기|어떻|어야|어요|여기|예요|오늘|유명|으시|이거|이나|이제|인내심|작품|장수|절대|정말|종류|주고받|지나가|진정|특히|행운|확실하,기뻐하|매우|습니다|오랜|위하|으며
389,dev_389,15,10,5,0.3333,0.5,결국|결혼|교훈|그렇|무너지|밖에|사랑|생활|약하|에게|오래가|우리|으니까|이혼|중요,ᆫ가|ᆸ니다|교훈|누구|다는|무너지|사랑|약하|이혼|통하,교훈|무너지|사랑|약하|이혼,결국|결혼|그렇|밖에|생활|에게|오래가|우리|으니까|중요,ᆫ가|ᆸ니다|누구|다는|통하
390,dev_390,28,13,7,0.25,0.5385,ᆫ데|고객|과목|구나|그럭저럭|그렇|근데|다면|대부분|말하기|보다|스페인|스페인어|어떻|얼마나|에서|엘리자베스|여기|외국어|외국인|우리|자리|적합|조금|프랑스|프랑스어|필요|학교,고객|구사|문서|스페인|스페인어|엘리자베스|요구|으며|자리|작성|적합|지만|프랑스어,고객|스페인|스페인어|엘리자베스|자리|적합|프랑스어,ᆫ데|과목|구나|그럭저럭|그렇|근데|다면|대부분|말하기|보다|어떻|얼마나|에서|여기|외국어|외국인|우리|조금|프랑스|필요|학교,구사|문서|요구|으며|작성|지만
391,dev_391,42,8,3,0.0714,0.375,4|6|state|station|street|ᆯ까요|ᆸ니다|간격|감사|과학|그러면|그리고|기차|나요|내리|누르|도와주|드리|모르|박물관|발권|버튼|보통|사용|습니다|시간|시간대|어디|어서|어야|어요|얼마나|에서|여기|으로|은데|자주|저기|정거장|천만에요|플랫폼|행운,ᆫ다|과학|까지|박물관|방법|사용|안내|에게,과학|박물관|사용,4|6|state|station|street|ᆯ까요|ᆸ니다|간격|감사|그러면|그리고|기차|나요|내리|누르|도와주|드리|모르|발권|버튼|보통|습니다|시간|시간대|어디|어서|어야|어요|얼마나|에서|여기|으로|은데|자주|저기|정거장|천만에요|플랫폼|행운,ᆫ다|까지|방법|안내|에게
392,dev_392,39,7,6,0.1538,0.8571,anna|john|같이|결혼|고맙|그래|그런|그리고|근데|기대|기억|깜짝|날짜|누구|는지|니까|다르|데리|되게|라고|려고|리스트|비밀|사무실|생일|싫어하|에서|우리|이나|이랑|이번|작년|잖아|준비|지내|케이크|크리스마스|특별|파티,anna|john|결혼|비밀|위하|준비|파티,anna|john|결혼|비밀|준비|파티,같이|고맙|그래|그런|그리고|근데|기대|기억|깜짝|날짜|누구|는지|니까|다르|데리|되게|라고|려고|리스트|사무실|생일|싫어하|에서|우리|이나|이랑|이번|작년|잖아|지내|케이크|크리스마스|특별,위하
393,dev_393,43,13,6,0.1395,0.4615,232|3|30|5|ᆯ까요|ᆸ니다|가깝|감사|거나|건물|걸리|걸어가|교차로|그거|그러|그럼|나요|너무|네요|는지|다가|물론|버스|보이|성급|알리|어디|어요|얼마나|에서|에요|예요|오래|왼쪽|우체국|으로|자세히|저기|정말|찻집|천만에요|택시|호텔,30|ᆸ니다|가깝|가장|라고|소요|안내|어서|에게|우체국|으로|정도|택시,30|ᆸ니다|가깝|우체국|으로|택시,232|3|5|ᆯ까요|감사|거나|건물|걸리|걸어가|교차로|그거|그러|그럼|나요|너무|네요|는지|다가|물론|버스|보이|성급|알리|어디|어요|얼마나|에서|에요|예요|오래|왼쪽|자세히|저기|정말|찻집|천만에요|호텔,가장|라고|소요|안내|어서|에게|정도
394,dev_394,40,14,10,0.25,0.7143,ᆫ다고|계획|그리고|기차|까지|나이아가라|노바스코샤|다음|로키|마을|마지막|많이|먼저|멀미|멋지|며칠|방문|밴쿠버|버스|보내|부럽|비행기|사진|산맥|시간|어디|어서|어촌|에서|여행|예정|으로|으면|자전거|정말|지나가|캐나다|토론토|폭포|휴가,ᆫ다|계획|나이아가라|노바스코샤|떠나|로키|방문|밴쿠버|산맥|에게|이야기|캐나다|토론토|폭포,계획|나이아가라|노바스코샤|로키|방문|밴쿠버|산맥|캐나다|토론토|폭포,ᆫ다고|그리고|기차|까지|다음|마을|마지막|많이|먼저|멀미|멋지|며칠|버스|보내|부럽|비행기|사진|시간|어디|어서|어촌|에서|여행|예정|으로|으면|자전거|정말|지나가|휴가,ᆫ다|떠나|에게|이야기
395,dev_395,31,15,7,0.2258,0.4667,ᆫ데|고려|구나|그것|그다지|그렇|근데|느끼|대로|때문|라고|려고|많이|모르|못하|부모|사랑|생각|서로|세대|아마|외동|요즘|원하|이랑|이해|자식|전혀|차이|항상|행복,ᆸ니다|기대|라고|맞추|부모|비롯|생각|세대|습니다|어서|에서|이것|차이|항상|행복,라고|부모|생각|세대|차이|항상|행복,ᆫ데|고려|구나|그것|그다지|그렇|근데|느끼|대로|때문|려고|많이|모르|못하|사랑|서로|아마|외동|요즘|원하|이랑|이해|자식|전혀,ᆸ니다|기대|맞추|비롯|습니다|어서|에서|이것
396,dev_396,44,19,10,0.2273,0.5263,joe.|가끔|같이|거든|거리|걱정|결국|괜찮|그거|근데|까지|는데|니까|다는|드라이브|들어가|라면|면서|문제|삼촌|상점|생각|아빠|안녕|어떻|어서|어쨌든|었었|에서|여행|우리|운전|을까|이랑|이모|자전거|조용|좋아하|지역|침실|편안|해결|호숫가|힘들,joe|ᆫ다|거리|경험|공유|까지|나누|다녀오|드라이브|문제|상점|아빠|여행|운전|으로|이야기|함께|해결|호숫가,거리|까지|드라이브|문제|상점|아빠|여행|운전|해결|호숫가,joe.|가끔|같이|거든|걱정|결국|괜찮|그거|근데|는데|니까|다는|들어가|라면|면서|삼촌|생각|안녕|어떻|어서|어쨌든|었었|에서|우리|을까|이랑|이모|자전거|조용|좋아하|지역|침실|편안|힘들,joe|ᆫ다|경험|공유|나누|다녀오|으로|이야기|함께
397,dev_397,67,10,4,0.0597,0.4,#phonenumber|#입니다|12|13579|23|3|4|79|brown|nancy|nb|ᆫ가|ᆫ가요|ᆯ게요|ᆯ까요|ᆸ니다|감사|계획|그럼|나요|날짜|는데|다른|달러|더블|데스크|도와드리|도착|동안|드리|디럭스|려고|머무르|며칠|무엇|번호|사항|성함|스위트룸|스탠다드|습니까|습니다|싱글|아니요|안녕하세요|알리|어떤|어서|어요|얼마|예약|예정|오후|요금|원하|으로|으시|이거|이요|이용|저희|전화번호|체크인|충분하|하룻밤|호텔|확인,nancy|ᆸ니다|개인|그녀|면서|스탠다드|예약|요청|정보|처리,nancy|ᆸ니다|스탠다드|예약,#phonenumber|#입니다|12|13579|23|3|4|79|brown|nb|ᆫ가|ᆫ가요|ᆯ게요|ᆯ까요|감사|계획|그럼|나요|날짜|는데|다른|달러|더블|데스크|도와드리|도착|동안|드리|디럭스|려고|머무르|며칠|무엇|번호|사항|성함|스위트룸|습니까|습니다|싱글|아니요|안녕하세요|알리|어떤|어서|어요|얼마|예정|오후|요금|원하|으로|으시|이거|이요|이용|저희|전화번호|체크인|충분하|하룻밤|호텔|확인,개인|그녀|면서|요청|정보|처리
398,dev_398,42,13,7,0.1667,0.5385,29.95|35.25|ᆫ가요|ᆯ까요|ᆸ니다|가격|가격대|가능|거든요|교환|그러|그런데|금액|나요|너무|네요|드리|드시|마음|멋지|무슨|문제|반품|보이|사실|선물|습니다|아니|어도|어야|어요|을까요|이거|장갑|저거|저기|지불|착용|추가|한번|현금|환불,ᆸ니다|가능|교환|다고|반품|비싸|선택|설명|요금|장갑|지만|지불|추가,ᆸ니다|가능|교환|반품|장갑|지불|추가,29.95|35.25|ᆫ가요|ᆯ까요|가격|가격대|거든요|그러|그런데|금액|나요|너무|네요|드리|드시|마음|멋지|무슨|문제|보이|사실|선물|습니다|아니|어도|어야|어요|을까요|이거|저거|저기|착용|한번|현금|환불,다고|비싸|선택|설명|요금|지만
399,dev_399,81,15,9,0.1111,0.6,16|jack|ᆯ게요|ᆸ니다|가르치|각자|고등학교|고치|공구|과정|교과서|교육|교체|그냥|그래서|그러니까|기술|까지|꺼내|나요|는지|대하|도록|돌아가|등록|먼저|모든|목표|바로|배우|보다|부분|부터|사람|사용|성인|세우|소개|소비자|수리|수업|습니다|실습|실용|실제로|알리|어떻|어서|어요|에게|에서|에요|예요|오늘|올리|우리|위치|으로|으며|이런|이해|자동차|자신|작동|작업장|저희|제공|지금|직업|직장|참여|캠퍼스|타이어|특정|프로그램|프로젝트|학생|함께|활용|훈련|훨씬,ᆸ니다|결정|과정|대하|등록|보이|설명|소개|수리|실습|에게|자동차|진행|활동|흥미,ᆸ니다|과정|대하|등록|소개|수리|실습|에게|자동차,16|jack|ᆯ게요|가르치|각자|고등학교|고치|공구|교과서|교육|교체|그냥|그래서|그러니까|기술|까지|꺼내|나요|는지|도록|돌아가|먼저|모든|목표|바로|배우|보다|부분|부터|사람|사용|성인|세우|소비자|수업|습니다|실용|실제로|알리|어떻|어서|어요|에서|에요|예요|오늘|올리|우리|위치|으로|으며|이런|이해|자신|작동|작업장|저희|제공|지금|직업|직장|참여|캠퍼스|타이어|특정|프로그램|프로젝트|학생|함께|활용|훈련|훨씬,결정|보이|설명|진행|활동|흥미
400,dev_400,37,16,11,0.2973,0.6875,48|6|ᆫ가요|걱정|계획|괜찮|까지|다시|다운|대로|동안|라면|모든|불편|세요|시간|시스템|안전|어야|어요|얼마나|업그레이드|에요|여유|열두|예요|예정|오프라인|온라인|위하|으로|저녁|전환|주말|최소|토요일|회계,ᆸ니다|계획|대하|동안|동의|설명|시간|시스템|업그레이드|예상|오프라인|위하|으로|전환|주말|회계,계획|동안|시간|시스템|업그레이드|오프라인|위하|으로|전환|주말|회계,48|6|ᆫ가요|걱정|괜찮|까지|다시|다운|대로|라면|모든|불편|세요|안전|어야|어요|얼마나|에요|여유|열두|예요|예정|온라인|저녁|최소|토요일,ᆸ니다|대하|동의|설명|예상
401,dev_401,89,36,18,0.2022,0.5,10|ᆫ데|ᆸ니다|걱정|계획|구하|그거|그것|그래서|그러면|그럼|그렇|그리고|급하|기억|나요|너무|네요|는데|니까|다고|다니까|다른|다시|답답하|대만|도시|드리|따르|때문|떠나|떨어지|려면|마음|만료|많이|반드시|분명|불법|비싸|비용|사용|상황|새롭|세요|습니다|아가씨|아니|약사|어서|어야|어요|어쩌|없이|에게|에서|에요|여기|예요|오늘|유효|으시|의료|의사|이거|이런|이미|이번|이해|저기|저희|전화|절대|제때|제발|죄송|지금|지만|처방|처방전|추가|치료|특별|파일|판매|피부|필요|하지만|훨씬,ᆫ다고|ᆸ니다|강조|거절|구하|규정|긴급|다고|다른|다며|대만|라고|발급|비싸|상황|설명|어야|없이|에게|에서|완료|요청|유효|의사|이미|이상|조언|주장|준수|지만|찾아보|처방|처방전|토로|판매|현실,ᆸ니다|구하|다고|다른|대만|비싸|상황|어야|없이|에게|에서|유효|의사|이미|지만|처방|처방전|판매,10|ᆫ데|걱정|계획|그거|그것|그래서|그러면|그럼|그렇|그리고|급하|기억|나요|너무|네요|는데|니까|다니까|다시|답답하|도시|드리|따르|때문|떠나|떨어지|려면|마음|만료|많이|반드시|분명|불법|비용|사용|새롭|세요|습니다|아가씨|아니|약사|어서|어요|어쩌|에요|여기|예요|오늘|으시|의료|이거|이런|이번|이해|저기|저희|전화|절대|제때|제발|죄송|지금|추가|치료|특별|파일|피부|필요|하지만|훨씬,ᆫ다고|강조|거절|규정|긴급|다며|라고|발급|설명|완료|요청|이상|조언|주장|준수|찾아보|토로|현실
402,dev_402,36,8,4,0.1111,0.5,ᆫ가|가장|가지|간단|남편|다른|도와주|돌보|라고|만들|많이|물건|본인|사람|생각|생활|성공|세요|아주|어떻|어렵|어요|엄마|에게|에요|우먼|으세요|이해심|자신|정말|좋아하|중요|집안일|챙기|커리어|편하,ᆸ니다|공유|비결|성공|엄마|우먼|으로서|커리어,성공|엄마|우먼|커리어,ᆫ가|가장|가지|간단|남편|다른|도와주|돌보|라고|만들|많이|물건|본인|사람|생각|생활|세요|아주|어떻|어렵|어요|에게|에요|으세요|이해심|자신|정말|좋아하|중요|집안일|챙기|편하,ᆸ니다|공유|비결|으로서
403,dev_403,52,14,10,0.1923,0.7143,4|cab|ᆫ가|ᆫ가요|ᆸ니다|가솔린|가지|간단히|강력|갖추|경험|계시|공부|공학과|근무|기계|기반|기술직|나요|다고|당신|대하|동안|디자인|또한|리무진|무엇|물론|생각|선임|설계|설명|속도|습니다|시키|실무|어서|에서|엔지니어|엔진|여기|원본|이론|적합|증명서|지금|직책|직함|탄탄|하나|향상|회사,ᆸ니다|그리고|기술직|대하|디자인|면접|설명|에서|원본|자격|자신|증명서|직함|하나,ᆸ니다|기술직|대하|디자인|설명|에서|원본|증명서|직함|하나,4|cab|ᆫ가|ᆫ가요|가솔린|가지|간단히|강력|갖추|경험|계시|공부|공학과|근무|기계|기반|나요|다고|당신|동안|또한|리무진|무엇|물론|생각|선임|설계|속도|습니다|시키|실무|어서|엔지니어|엔진|여기|이론|적합|지금|직책|탄탄|향상|회사,그리고|면접|자격|자신
404,dev_404,29,10,6,0.2069,0.6,20|ᆫ가|ᆫ가요|ᆸ니다|가세|거기|걸리|그렇|급하|기차역|길이|까지|나요|막히|많이|세요|습니다|시간|아니|안전|어디|어요|운전|으로|정도|지금|천천히|출퇴근|택시,ᆸ니다|기차|서두르|안전|예정|운전|으로|이동|천천히|택시,ᆸ니다|안전|운전|으로|천천히|택시,20|ᆫ가|ᆫ가요|가세|거기|걸리|그렇|급하|기차역|길이|까지|나요|막히|많이|세요|습니다|시간|아니|어디|어요|정도|지금|출퇴근,기차|서두르|예정|이동
405,dev_405,18,6,3,0.1667,0.5,...|john|ᆫ가|그렇|근데|무지개|블라우스|빨갛|색깔|여자|원래|으로|이런|이렇|이미|참나|카탈로그|파란색,ᆸ니다|구매|블라우스|빨간색|이미|파란색,블라우스|이미|파란색,...|john|ᆫ가|그렇|근데|무지개|빨갛|색깔|여자|원래|으로|이런|이렇|참나|카탈로그,ᆸ니다|구매|빨간색
406,dev_406,24,9,1,0.0417,0.1111,거나|게으르|경제|고양이|골프|괜찮|그거|그냥|그럭저럭|그런데|농담|문학|배드민턴|별로|습관|아니|어떤|영화|잠자|제일|좋아하|처럼|취미|한가하,ᆸ니다|는지|대하|무엇|서로|시간|여가|이야기|취미,취미,거나|게으르|경제|고양이|골프|괜찮|그거|그냥|그럭저럭|그런데|농담|문학|배드민턴|별로|습관|아니|어떤|영화|잠자|제일|좋아하|처럼|한가하,ᆸ니다|는지|대하|무엇|서로|시간|여가|이야기
407,dev_407,48,15,8,0.1667,0.5333,ᆸ니다|감사|거기|거나|고맙|그럼|그렇|나요|네요|놀랍|느끼|다만|도시|만나|문화|버스|베이징|별로|보내|부럽|붐비|빌리|사람|생각|세요|시간|어떻|어요|었었|에요|여름|으세요|자리|작년|전통|정말|정어리|중국|즐겁|즐기|지경|지하철|출장|출퇴근|친구|현대|활기|휴가,ᆸ니다|넘치|다고|도시|문화|베이징|아쉽|으로|전통|즐기|지만|지하철|혼잡|활기|회상,ᆸ니다|도시|문화|베이징|전통|즐기|지하철|활기,감사|거기|거나|고맙|그럼|그렇|나요|네요|놀랍|느끼|다만|만나|버스|별로|보내|부럽|붐비|빌리|사람|생각|세요|시간|어떻|어요|었었|에요|여름|으세요|자리|작년|정말|정어리|중국|즐겁|지경|출장|출퇴근|친구|현대|휴가,넘치|다고|아쉽|으로|지만|혼잡|회상
408,dev_408,49,13,7,0.1429,0.5385,...|185|30|cm|가장|갈색|그거|다면서|데이비드|데이트|들리|라고|라서|매력|멋지|부분|사람|사실|생기|시간|아름답|아이린|얘기|어떻|어야지|어제|어젯밤|에서|오빠|으로|은행|은행원|이것|이름|이야기|이제|자세히|잠깐|재미있|정도|정말|주니어|직업|진짜|진하|초반|투자|포춘|환상,ᆫ다|데이비드|데이트|라는|사실|상대|아이린|에게|오빠|외모|이야기|자신|직업,데이비드|데이트|사실|아이린|오빠|이야기|직업,...|185|30|cm|가장|갈색|그거|다면서|들리|라고|라서|매력|멋지|부분|사람|생기|시간|아름답|얘기|어떻|어야지|어제|어젯밤|에서|으로|은행|은행원|이것|이름|이제|자세히|잠깐|재미있|정도|정말|주니어|진짜|진하|초반|투자|포춘|환상,ᆫ다|라는|상대|에게|외모|자신
409,dev_409,80,22,12,0.15,0.5455,ᆫ다고|가지|거의|과대|관심|굉장히|그거|그것|그냥|그래서|그런|그렇|기부|끔찍|는지|니까|다르|단체|달러|대하|동정심|라고|려면|매니저|멋지|모르|물론|버리|보다|부분|불평|사람|사랑|사실|사진|생각|선호|수백만|심지어|아니|앨범|야망|어도|어디|어떻|어렵|어야|에게|에이|연예인|영화|오히려|원하|위하|유명|음료수|인정|자격|자기|자선|자신|잖아|재능|정말|좋아하|주목|지나치|지만|질리|청바지|초대|충분히|티셔츠|파티|파파라치|평가|필요|하지만|항상|홍보,ᆫ다|ᆫ다고|가지|과대평가|는다고|대하|동정심|반면|보이|사교|사랑|상반|생각|어야|에게|연예인|영화|의견|인정|주목|통하|활동,ᆫ다고|가지|대하|동정심|사랑|생각|어야|에게|연예인|영화|인정|주목,거의|과대|관심|굉장히|그거|그것|그냥|그래서|그런|그렇|기부|끔찍|는지|니까|다르|단체|달러|라고|려면|매니저|멋지|모르|물론|버리|보다|부분|불평|사람|사실|사진|선호|수백만|심지어|아니|앨범|야망|어도|어디|어떻|어렵|에이|오히려|원하|위하|유명|음료수|자격|자기|자선|자신|잖아|재능|정말|좋아하|지나치|지만|질리|청바지|초대|충분히|티셔츠|파티|파파라치|평가|필요|하지만|항상|홍보,ᆫ다|과대평가|는다고|반면|보이|사교|상반|의견|통하|활동
410,dev_410,90,23,12,0.1333,0.5217,40|cd|jerry|melissa|ᆯ걸|ᆯ까|ᆯ로|ᆯ지|가르치|가지|거기|거의|결국|괜찮|그거|그냥|그래|그래서|그럼|그렇|그리고|금요일|기타|나가|내일|는구나|다가|다시|던데|동안|동작|동쪽|때문|라고|라도|라틴|마시|매주|멈추|모르|미치|배우|밴드|보다|보이|브라질|삼바|술집|스페인어|시간|신상|실제로|아냐|아니|아마|아마도|악몽|어도|어디|어서|어야|에서|우리|으악|은데|음악|이랑|이름|이번|일요일|자고|잖아|적어도|전부|주말|지나|짜증|춤추|친구|컨트리 록|컨트리 음악|클럽|탱고|테크노|특별|파티|필요|하지만|한테|항상,melissa|ᆯ지|ᆸ니다|가르치|금요일|논의|동의|라틴|모두|사람|삼바|새롭|스페인어|싫어하|어디|에게|원하|자신|지만|춤추|컨트리 록|클럽|탱고,melissa|ᆯ지|가르치|금요일|라틴|삼바|스페인어|어디|춤추|컨트리 록|클럽|탱고,40|cd|jerry|ᆯ걸|ᆯ까|ᆯ로|가지|거기|거의|결국|괜찮|그거|그냥|그래|그래서|그럼|그렇|그리고|기타|나가|내일|는구나|다가|다시|던데|동안|동작|동쪽|때문|라고|라도|마시|매주|멈추|모르|미치|배우|밴드|보다|보이|브라질|술집|시간|신상|실제로|아냐|아니|아마|아마도|악몽|어도|어서|어야|에서|우리|으악|은데|음악|이랑|이름|이번|일요일|자고|잖아|적어도|전부|주말|지나|짜증|친구|컨트리 음악|테크노|특별|파티|필요|하지만|한테|항상,ᆸ니다|논의|동의|모두|사람|새롭|싫어하|에게|원하|자신|지만
411,dev_411,50,16,7,0.14,0.4375,1|2|4|5|ᆫ다고|ᆫ데|가지|거든|귀엽|그럼|그리고|끝나|누구|다고|다정|따르|려구|마지막|반대|보고|보다|보이|부모|사람|사실|상냥|성격|아마|아빠|아주|얘기|어도|어서|언제|엄마|엄청|여동생|연휴|완전|외모|우리|으시|이나|이랑|정도|정말|조금|지내|크리스마스|피트,ᆫ다고|ᆫ지|ᆸ니다|결정|계획|그리고|다고|대하|따르|부모|언제|엄마|에게|이야기|일정|특징,ᆫ다고|그리고|다고|따르|부모|언제|엄마,1|2|4|5|ᆫ데|가지|거든|귀엽|그럼|끝나|누구|다정|려구|마지막|반대|보고|보다|보이|사람|사실|상냥|성격|아마|아빠|아주|얘기|어도|어서|엄청|여동생|연휴|완전|외모|우리|으시|이나|이랑|정도|정말|조금|지내|크리스마스|피트,ᆫ지|ᆸ니다|결정|계획|대하|에게|이야기|일정|특징
412,dev_412,33,8,2,0.0606,0.25,...|1|5|ᆯ게|걱정|경기|그거|그래|누구|는데|다니|당연히|맥주|멋지|불스|샨은|시작|실수|심판|아니|안경|어라|에서|움직이|이기|자유투|자주|잖아|저거|제발|쿼터|파울|필요,ᆸ니다|가지|경기|대하|면서|불만|심판|판정,경기|심판,...|1|5|ᆯ게|걱정|그거|그래|누구|는데|다니|당연히|맥주|멋지|불스|샨은|시작|실수|아니|안경|어라|에서|움직이|이기|자유투|자주|잖아|저거|제발|쿼터|파울|필요,ᆸ니다|가지|대하|면서|불만|판정
413,dev_413,57,18,11,0.193,0.6111,atm|billy|ᆫ데|ᆫ지|가지|간단|고르|그거|그리|그리고|금액|기계|기다리|려면|마음|바꾸|번호|보다|비밀|비밀번호|빠르|사용|서비스|선택|세요|숫자|시간|실제로|어떻|어렵|어야|어요|얼마|여기|여러|예요|옵션|외우|요청|으면|으세요|은행|이제|인출|입력|자리|잠깐|잠시|직원|처리|카드|키패드|편하|필요|할아버지|화면|훨씬,atm|billy|ᆸ니다|가르치|다고|방법|보다|빠르|사용|생각|어렵|에게|으며|은행|직원|처리|카드|할아버지,atm|billy|보다|빠르|사용|어렵|은행|직원|처리|카드|할아버지,ᆫ데|ᆫ지|가지|간단|고르|그거|그리|그리고|금액|기계|기다리|려면|마음|바꾸|번호|비밀|비밀번호|서비스|선택|세요|숫자|시간|실제로|어떻|어야|어요|얼마|여기|여러|예요|옵션|외우|요청|으면|으세요|이제|인출|입력|자리|잠깐|잠시|키패드|편하|필요|화면|훨씬,ᆸ니다|가르치|다고|방법|생각|에게|으며
414,dev_414,21,10,3,0.1429,0.3,15|거든|그런데|그럼|기다리|기름값|까지|끝나|내려가|대통령|많이|물론|버스|생각|어떻|얼마나|임기|자주|정도|정말|지내,ᆫ다|기름값|까지|나누|내리|는다|대화|버스|에서|운전,기름값|까지|버스,15|거든|그런데|그럼|기다리|끝나|내려가|대통령|많이|물론|생각|어떻|얼마나|임기|자주|정도|정말|지내,ᆫ다|나누|내리|는다|대화|에서|운전
415,dev_415,20,5,3,0.15,0.6,ᆯ까요|곁들이|그거|드리|디저트|맛있|생선|세요|소스|애플|어요|예요|요리|좋아하|주문|토마토|특선|파이|필요|하나,ᆸ니다|생선|애플|조각|주문,생선|애플|주문,ᆯ까요|곁들이|그거|드리|디저트|맛있|세요|소스|어요|예요|요리|좋아하|토마토|특선|파이|필요|하나,ᆸ니다|조각
416,dev_416,25,13,8,0.32,0.6154,102|2|ds|dvd|sharp|ᆫ가|ᆫ가요|거든요|도움|들어오|모델|물론|시리즈|안타깝|어요|예정|으시|인기|정도|정말|특별히|팔리|플레이어|필요|하지만,102|2|ds|dvd|sharp|ᆸ니다|들어오|라고|설명|시리즈|재고|지만|플레이어,102|2|ds|dvd|sharp|들어오|시리즈|플레이어,ᆫ가|ᆫ가요|거든요|도움|모델|물론|안타깝|어요|예정|으시|인기|정도|정말|특별히|팔리|필요|하지만,ᆸ니다|라고|설명|재고|지만
417,dev_417,34,10,6,0.1765,0.6,36|78|ᆫ가|ᆫ가요|ᆯ게요|ᆸ니다|가져가|가지|결제|계시|금액|내일|네요|다른|다시|달러|문제|물건|비자|세요|센트|습니다|승인|아마|어요|에요|오늘|으시|이거|정말|카드|하나|현금|혹시,거부|결제|내일|다고|다시|비자|습니다|알리|으나|카드,결제|내일|다시|비자|습니다|카드,36|78|ᆫ가|ᆫ가요|ᆯ게요|ᆸ니다|가져가|가지|계시|금액|네요|다른|달러|문제|물건|세요|센트|승인|아마|어요|에요|오늘|으시|이거|정말|하나|현금|혹시,거부|다고|알리|으나
418,dev_418,74,15,10,0.1351,0.6667,...|200|5|mike|ᆫ다고|ᆯ게요|ᆸ니다|가게|가지|각국|강아지|관리|관심|관하|괜찮|구독|그것|그러|그리고|그만|꾸미|끝내|나요|네요|는데|다른|다양|담기|대부분|돌보미|라고|레시피|마다|모두|물론|반려동물|발행|부인|분기|분명히|산책|세계|소식|습니다|시간|시키|실리|아뇨|아이디어|안녕하세요|애완동물|어서|어야|어요|여러|예요|요리|월간|유용|이거|이상|잡지|정보|제발|종류|주간|주인|지만|출판물|컬러|키우|판매|페이지|필요,mike|ᆸ니다|가지|관련|관심|구독|동의|바쁘|애완동물|어서|요리|잡지|지만|처음|추천,mike|ᆸ니다|가지|관심|구독|애완동물|어서|요리|잡지|지만,...|200|5|ᆫ다고|ᆯ게요|가게|각국|강아지|관리|관하|괜찮|그것|그러|그리고|그만|꾸미|끝내|나요|네요|는데|다른|다양|담기|대부분|돌보미|라고|레시피|마다|모두|물론|반려동물|발행|부인|분기|분명히|산책|세계|소식|습니다|시간|시키|실리|아뇨|아이디어|안녕하세요|어야|어요|여러|예요|월간|유용|이거|이상|정보|제발|종류|주간|주인|출판물|컬러|키우|판매|페이지|필요,관련|동의|바쁘|처음|추천
419,dev_419,42,19,9,0.2143,0.4737,ᆫ가|ᆫ다고|거기|경우|그래서|그렇|그분|너무|네요|는데|다르|더라고|려고|마다|많이|물건|미국|벼룩시장|부르|사람|세일|쇼핑몰|쓸모없|아파트|야드|어서|어요|에서|여기|열리|오늘|유용|으면|이라고|이랑|이사|정원|주말|중국|처음|친구|혼자,ᆸ니다|다고|대하|물건|미국|비슷하|사람|설명|세일|쇼핑몰|습관|야드|언급|유용|이것|이사|이야기|중국|차이,물건|미국|사람|세일|쇼핑몰|야드|유용|이사|중국,ᆫ가|ᆫ다고|거기|경우|그래서|그렇|그분|너무|네요|는데|다르|더라고|려고|마다|많이|벼룩시장|부르|쓸모없|아파트|어서|어요|에서|여기|열리|오늘|으면|이라고|이랑|정원|주말|처음|친구|혼자,ᆸ니다|다고|대하|비슷하|설명|습관|언급|이것|이야기|차이
420,dev_420,74,29,9,0.1216,0.3103,4|tv|ᆫ데|ᆯ까|ᆯ지|가지|각자|같이|거나|거든|걱정|계속|공간|괜찮|그냥|그래도|그러|그립|기분|기숙사|까지|끝나|너무|누구|니까|다고|드라마|라고|룸메이트|매일|모르|무슨|배려|배우|별로|보이|부터|빨리|사람|상하|생각|생활|서로|싫어하|아파트|어도|어렵|어서|어야|언제|었었|에서|예전|요즘|우울|으면|을까|이랑|이렇게|이해|재밌|제일|조용히|좋아하|중요|지내|지만|진짜|한국|한테|함께|합의|혼자|힘들,ᆫ다고|ᆸ니다|각기|각자|거나|고민|공간|공유|다른|드라마|라고|룸메이트|모두|밤늦|사람|생각|솔직하|습니다|시도|시청|에게|여기|으로|인하|자신|장점|조언|지니|합의,각자|거나|공간|드라마|라고|룸메이트|사람|생각|합의,4|tv|ᆫ데|ᆯ까|ᆯ지|가지|같이|거든|걱정|계속|괜찮|그냥|그래도|그러|그립|기분|기숙사|까지|끝나|너무|누구|니까|다고|매일|모르|무슨|배려|배우|별로|보이|부터|빨리|상하|생활|서로|싫어하|아파트|어도|어렵|어서|어야|언제|었었|에서|예전|요즘|우울|으면|을까|이랑|이렇게|이해|재밌|제일|조용히|좋아하|중요|지내|지만|진짜|한국|한테|함께|혼자|힘들,ᆫ다고|ᆸ니다|각기|고민|공유|다른|모두|밤늦|솔직하|습니다|시도|시청|에게|여기|으로|인하|자신|장점|조언|지니
421,dev_421,27,8,2,0.0741,0.25,ᆯ지|가장|거든|게다가|그래|그러|그렇|기다리|기대|누구|대통령|동의|똑똑|모든|바라|사람|생각|완전|이번|정말|정책|정하|좋아하|투표|한테|화요일|후보,ᆫ다고|ᆸ니다|때문|에게|정책|지성|지지|후보,정책|후보,ᆯ지|가장|거든|게다가|그래|그러|그렇|기다리|기대|누구|대통령|동의|똑똑|모든|바라|사람|생각|완전|이번|정말|정하|좋아하|투표|한테|화요일,ᆫ다고|ᆸ니다|때문|에게|지성|지지
422,dev_422,51,17,13,0.2549,0.7647,"15|2,100|ᆯ게요|ᆸ니다|가게|가격|감사|결제|그거|그리고|나요|노트북|는데|다시|달러|도와주|많이|맥북|모델|물건|방문|보내|비자|서명|선택|선호|세요|습니다|액세서리|어떻|어서|어요|언제|여기|예요|위하|으로|으세요|을까요|이것|인치|저희|정말|좋아하|추가|충분|카드|프로|필요|하나|하루",ᆸ니다|결제|구매|노트북|다시|도움|라고|맥북|방문|비자|선택|액세서리|위하|으로|제안|카드|필요,ᆸ니다|결제|노트북|다시|맥북|방문|비자|선택|액세서리|위하|으로|카드|필요,"15|2,100|ᆯ게요|가게|가격|감사|그거|그리고|나요|는데|달러|도와주|많이|모델|물건|보내|서명|선호|세요|습니다|어떻|어서|어요|언제|여기|예요|으세요|을까요|이것|인치|저희|정말|좋아하|추가|충분|프로|하나|하루",구매|도움|라고|제안
423,dev_423,20,10,6,0.3,0.6,그럼|기다리|까지|냅킨|만찬|먼저|무릎|보통|사용|식사|어떻|어요|에서|여성|으면|자리|자마자|저녁|정식|주인,냅킨|만찬|방법|사용|습니다|식사|에게|에서|일반|정식,냅킨|만찬|사용|식사|에서|정식,그럼|기다리|까지|먼저|무릎|보통|어떻|어요|여성|으면|자리|자마자|저녁|주인,방법|습니다|에게|일반
424,dev_424,22,7,4,0.1818,0.5714,ᆯ게요|ᆸ니다|감사|강사|고맙|기다리|드리|라서|보내|부츠|빌리|세요|스키|습니다|시간|알리|어요|여기|잠시|정말|초보|하나,강사|대여|도와주|부츠|스키|습니다|에게,강사|부츠|스키|습니다,ᆯ게요|ᆸ니다|감사|고맙|기다리|드리|라서|보내|빌리|세요|시간|알리|어요|여기|잠시|정말|초보|하나,대여|도와주|에게
425,dev_425,41,15,11,0.2683,0.7333,가게|가구|거든|거리|거의|건너|건물|군데|극장|남성복|는데|링컨|많이|멋지|모퉁이|백화점|블록|사무실|새롭|쇼핑|시간|아니|어야|에서|여기|연극|오늘|오른쪽|왼쪽|우체국|은행|음식|이나|이랑|저거|절약|직진|진짜|편리|표시|호텔,ᆫ다|가게|건물|그리고|극장|남성복|대하|백화점|새롭|설명|연극|우체국|은행|표시|호텔,가게|건물|극장|남성복|백화점|새롭|연극|우체국|은행|표시|호텔,가구|거든|거리|거의|건너|군데|는데|링컨|많이|멋지|모퉁이|블록|사무실|쇼핑|시간|아니|어야|에서|여기|오늘|오른쪽|왼쪽|음식|이나|이랑|저거|절약|직진|진짜|편리,ᆫ다|그리고|대하|설명
426,dev_426,47,14,4,0.0851,0.2857,10|2|dc|ᆫ다|구나|규모|그러|그러게|그런데|그렇|너무|뉴욕|느리|는데|니까|다가|다니|대학교|동안|많이|배고프|배우|보내|보스턴|빨리|서비스|선생|수업|수학|신호|아무|어디|어야|에서|여기|여름학교|워싱턴|웨이터|으면|이제|인내심|정말|주문|지만|친절|콜롬비아|한테,ᆸ니다|경험|기다리|다니|대하|라는|면서|식당|에서|여름학교|이야기|주문|출신지|학생,다니|에서|여름학교|주문,10|2|dc|ᆫ다|구나|규모|그러|그러게|그런데|그렇|너무|뉴욕|느리|는데|니까|다가|대학교|동안|많이|배고프|배우|보내|보스턴|빨리|서비스|선생|수업|수학|신호|아무|어디|어야|여기|워싱턴|웨이터|으면|이제|인내심|정말|지만|친절|콜롬비아|한테,ᆸ니다|경험|기다리|대하|라는|면서|식당|이야기|출신지|학생
427,dev_427,52,19,11,0.2115,0.5789,4|6|가깝|가치|거든요|거리|교육|교육비|그런|그렇|그리고|그만큼|근데|금요일|기술|네요|다는|매일|보통|부담|빠르|사이|수요일|시간|시키|어요|업무|에서|에요|예요|오후|우리|월급|으로|으면|이랑|이해|일단|일부|일상|장기|정말|제일|지만|직장|진행|처리|컴퓨터|프로그램|향상|회사|효과,ᆸ니다|가장|교육|그러|기술|라고|바라|본인|생각|시키|업무|에서|으로|장기|직장|투자|프로그램|향상|회사,교육|기술|시키|업무|에서|으로|장기|직장|프로그램|향상|회사,4|6|가깝|가치|거든요|거리|교육비|그런|그렇|그리고|그만큼|근데|금요일|네요|다는|매일|보통|부담|빠르|사이|수요일|시간|어요|에요|예요|오후|우리|월급|으면|이랑|이해|일단|일부|일상|정말|제일|지만|진행|처리|컴퓨터|효과,ᆸ니다|가장|그러|라고|바라|본인|생각|투자
428,dev_428,57,26,13,0.2281,0.5,joh|ndy.|nny.|tv|we|ᆫ다는|ᆫ대|ᆫ지|공원|광장|그것|그래서|그러면|그런데|그렇|글쎄|놀이공원|도시|라고|만들|면서|모두|무슨|바꾸|바쁘|보내|보다|산책|상징|생각|생기|소식|소파|수입|시간|시내|아니|안녕|어서|요즘|우리|으로|으면|이미|일자리|잖아|전혀|정말|조용|중요|지내|지만|창출|평화|한테|혹시|훨씬,johnny|wendy|ᆫ다|공원|광장|놀이|놀이공원|도시|라고|변화|사라지|산책|상징|수입|시내|알리|에게|예정|우려|으로|일자리|장소|조용히|주장|지만|창출,공원|광장|놀이공원|도시|라고|산책|상징|수입|시내|으로|일자리|지만|창출,joh|ndy.|nny.|tv|we|ᆫ다는|ᆫ대|ᆫ지|그것|그래서|그러면|그런데|그렇|글쎄|만들|면서|모두|무슨|바꾸|바쁘|보내|보다|생각|생기|소식|소파|시간|아니|안녕|어서|요즘|우리|으면|이미|잖아|전혀|정말|조용|중요|지내|평화|한테|혹시|훨씬,johnny|wendy|ᆫ다|놀이|변화|사라지|알리|에게|예정|우려|장소|조용히|주장
429,dev_429,42,15,6,0.1429,0.4,...|micky|ᆯ게|간식|구나|그거|그러|그럼|글쎄|금방|기다리|다가오|다른|당근|라니|맛있|면서|무슨|부터|브로콜리|샌드위치|시간|시금치|아니|아빠|어도|어떻|어야|어요|언제|에요|오늘|우리|의견|이제|장난감|저녁|정말|좋아하|준비|지금|캔디,micky|ᆸ니다|간식|거절|결국|다고|샌드위치|아빠|에게|요청|으로|저녁|지만|캔디|합의,micky|간식|샌드위치|아빠|저녁|캔디,...|ᆯ게|구나|그거|그러|그럼|글쎄|금방|기다리|다가오|다른|당근|라니|맛있|면서|무슨|부터|브로콜리|시간|시금치|아니|어도|어떻|어야|어요|언제|에요|오늘|우리|의견|이제|장난감|정말|좋아하|준비|지금,ᆸ니다|거절|결국|다고|에게|요청|으로|지만|합의
430,dev_430,21,11,4,0.1905,0.3636,3|30|6|ᆫ대|ᆯ까|그러면|동안|붙이|비행기|생각|시간|어서|오후|우리|자리|잠깐|조용|지연|출발|터미널|피곤,ᆸ니다|다고|붙이|비행기|에게|에서|자고|잠시|제안|조용|지연,붙이|비행기|조용|지연,3|30|6|ᆫ대|ᆯ까|그러면|동안|생각|시간|어서|오후|우리|자리|잠깐|출발|터미널|피곤,ᆸ니다|다고|에게|에서|자고|잠시|제안
431,dev_431,35,6,3,0.0857,0.5,20|32|ᆫ가|ᆫ가요|ᆯ까요|ᆸ니다|가격|게요|괜찮|그럼|그리|나요|네요|드레스|드리|무엇|밖에|보이|사이즈|세요|세일|어디|어떻|어떻게|어요|어울리|얼마|에요|여기|으로|이거|이쪽|저렴하|초록색|탈의실,ᆸ니다|구매|드레스|에게|초록색|추천,ᆸ니다|드레스|초록색,20|32|ᆫ가|ᆫ가요|ᆯ까요|가격|게요|괜찮|그럼|그리|나요|네요|드리|무엇|밖에|보이|사이즈|세요|세일|어디|어떻|어떻게|어요|어울리|얼마|에요|여기|으로|이거|이쪽|저렴하|탈의실,구매|에게|추천
432,dev_432,37,10,6,0.1622,0.6,...|25|ᆫ가요|ᆫ데|ᆯ게요|ᆯ까요|ᆯ로|ᆸ니다|가격|감사|네요|는데|달러|드리|라는|마거릿|미첼|바람|비싸|사라지|신판|어느|어떻|어요|에요|여기|오래|이것|이름|저자|저희|정말|조금|페이퍼백|하나|하드커버|함께,25|구매|달러|도움|바람|사라지|습니다|으로|하드커버|함께,25|달러|바람|사라지|하드커버|함께,...|ᆫ가요|ᆫ데|ᆯ게요|ᆯ까요|ᆯ로|ᆸ니다|가격|감사|네요|는데|드리|라는|마거릿|미첼|비싸|신판|어느|어떻|어요|에요|여기|오래|이것|이름|저자|저희|정말|조금|페이퍼백|하나,구매|도움|습니다|으로
433,dev_433,30,10,3,0.1,0.3,ᆫ지|ᆯ까요|ᆸ니다|감사|같이|거기|거의|그렇|급하|깜빡|나오|내리|네요|느라|많이|선생|세요|스무|어디|어요|에요|오늘|우산|저기|정말|지금|천만에요|친절|하나|호텔,ᆫ다|많이|상황|에게|에서|우산|자고|제안|함께|호텔,많이|우산|호텔,ᆫ지|ᆯ까요|ᆸ니다|감사|같이|거기|거의|그렇|급하|깜빡|나오|내리|네요|느라|선생|세요|스무|어디|어요|에요|오늘|저기|정말|지금|천만에요|친절|하나,ᆫ다|상황|에게|에서|자고|제안|함께
434,dev_434,72,17,9,0.125,0.5294,ann|ary.|ᆫ다고|ᆫ다는|ᆫ데|ᆯ게|가끔|감정|갑자기|결정|계획|그녀|그래|그런데|그렇|그렇게|그만큼|나중|남자친구|너무|너희|는데|다고|다면|다시피|따르|따위|마다|만나|망치|무슨|문제|바다|사소|사이|상황|생각|속상하|솔직히|신경|심각|심하|싸우|아니|안녕|얘기|어서|어야|어제|어차피|언제|었었|여행|우정|이기|이랑|이런|이번|이해|잖아|잘못|전화|정말|주말|지금|지내|취소|친하|필요|하지만|한테|화해,ann|mary|ᆫ다|가지|계획|나중|남자친구|다투|때문|어서|여행|예정|이해심|전화|충고|취소|화해,ann|계획|나중|남자친구|어서|여행|전화|취소|화해,ary.|ᆫ다고|ᆫ다는|ᆫ데|ᆯ게|가끔|감정|갑자기|결정|그녀|그래|그런데|그렇|그렇게|그만큼|너무|너희|는데|다고|다면|다시피|따르|따위|마다|만나|망치|무슨|문제|바다|사소|사이|상황|생각|속상하|솔직히|신경|심각|심하|싸우|아니|안녕|얘기|어야|어제|어차피|언제|었었|우정|이기|이랑|이런|이번|이해|잖아|잘못|정말|주말|지금|지내|친하|필요|하지만|한테,mary|ᆫ다|가지|다투|때문|예정|이해심|충고
435,dev_435,17,12,4,0.2353,0.3333,그것|다른|메리|무슨|바람|아니|어젯밤|여자|이후|자기|자꾸|정말|제니|진심|처음|피우|함께,ᆫ다|다고|맹세|바람|사랑|에게|으로|의심|제니|지만|진심|피우,바람|제니|진심|피우,그것|다른|메리|무슨|아니|어젯밤|여자|이후|자기|자꾸|정말|처음|함께,ᆫ다|다고|맹세|사랑|에게|으로|의심|지만
436,dev_436,20,8,5,0.25,0.625,3|ᆯ래|개월|고양이|구나|귀엽|때문|바쁘|보이|사진|새로|생기|안녕|어떻|요즘|이제|정말|지내|진짜|키우,ᆫ다|고양이|보이|사진|새로|소개|에게|키우,고양이|보이|사진|새로|키우,3|ᆯ래|개월|구나|귀엽|때문|바쁘|생기|안녕|어떻|요즘|이제|정말|지내|진짜,ᆫ다|소개|에게
437,dev_437,27,7,4,0.1481,0.5714,거든|그러|그러면|그렇|근데|기울|다니까|딩동댕|라서|불편|빌려주|시간|시계|어도|얼굴|오른손잡이|오른쪽|왼손|왼손잡이|움직이|으려고|으로|잖아|재치|정말|처럼|한테,구입|불편|시계|에게|오른손잡이|왼손잡이|이야기,불편|시계|오른손잡이|왼손잡이,거든|그러|그러면|그렇|근데|기울|다니까|딩동댕|라서|빌려주|시간|어도|얼굴|오른쪽|왼손|움직이|으려고|으로|잖아|재치|정말|처럼|한테,구입|에게|이야기
438,dev_438,29,7,4,0.1379,0.5714,rose|ᆫ다던데|ᆫ지|간절히|고지식|그래도|남편|니까|다고|더라고|동의|똑같이|많이|바라|부담|시부모|아들|어른|얼마나|에게|연달|이나|이번|임신|잖아|재밌|정말|태어나|하지만,rose|논의|대하|로부터|부담|어른|임신,rose|부담|어른|임신,ᆫ다던데|ᆫ지|간절히|고지식|그래도|남편|니까|다고|더라고|동의|똑같이|많이|바라|시부모|아들|얼마나|에게|연달|이나|이번|잖아|재밌|정말|태어나|하지만,논의|대하|로부터
439,dev_439,48,12,9,0.1875,0.75,감사|결혼|고맙|그냥|그런|그렇|까지|남자|다고|다시|다음|더라고|덕분|도와주|드디어|만나|많이|별로|보이|사람|상태|아냐|아주|약속|어도|어떻|에게|에서|우리|이제|일요일|자신감|자유|자제|자존감|저녁|정말|정신|제대로|지내|진짜|친구|표시|한번|한테|행복|헤어지|회복,ᆫ다|감사|남자|다고|사람|식사|에게|저녁|초대|친구|표시|헤어지,감사|남자|다고|사람|에게|저녁|친구|표시|헤어지,결혼|고맙|그냥|그런|그렇|까지|다시|다음|더라고|덕분|도와주|드디어|만나|많이|별로|보이|상태|아냐|아주|약속|어도|어떻|에서|우리|이제|일요일|자신감|자유|자제|자존감|정말|정신|제대로|지내|진짜|한번|한테|행복|회복,ᆫ다|식사|초대
440,dev_440,20,9,4,0.2,0.4444,걸리|그녀|깜짝|끔찍|놀라|다른|때문|머리카락|무슨|병원|부작용|빠지|수잔|약물|어제|예상|요법|전혀|정말|화학,ᆸ니다|다고|때문|머리카락|빠지|수잔|에게|진단|화학요법,때문|머리카락|빠지|수잔,걸리|그녀|깜짝|끔찍|놀라|다른|무슨|병원|부작용|약물|어제|예상|요법|전혀|정말|화학,ᆸ니다|다고|에게|진단|화학요법
441,dev_441,86,20,9,0.1047,0.45,10|12|2|25|4|6|7|beth|ᆯ게|ᆯ까|거든|걱정|고맙|교회|구나|그거|그래|그래서|그러|그렇|그렇게|기적|까지|깜빡|날짜|너무|놀라|농담|다행|독립기념일|동기|드리|라고|라니|만들|만우절|말씀|며칠|모든|미국|보내|보통|부여|사람|생일|수영|시간|시작|아침|아프|얘기|어떻게|어서|어야지|어요|언제|엄마|여기|예수|오늘|우리|으로|이상|일어나|일요일|자연|장비|전하|전화|즐겁|진짜|축하|출발|치우|카누|캠핑|코스|크리스마스|탄생|탐험|태어나|텐트|토요일|표적|핸드폰|행운,ᆸ니다|기억|대하|대화|생일|서로|시작|아침|어머니|에게|으로|이야기|일어나|일정|일찍|전하|전화|제안|축하|캠핑,생일|시작|아침|으로|일어나|전하|전화|축하|캠핑,10|12|2|25|4|6|7|beth|ᆯ게|ᆯ까|거든|걱정|고맙|교회|구나|그거|그래|그래서|그러|그렇|그렇게|기적|까지|깜빡|날짜|너무|놀라|농담|다행|독립기념일|동기|드리|라고|라니|만들|만우절|말씀|며칠|모든|미국|보내|보통|부여|사람|수영|시간|아프|얘기|어떻게|어서|어야지|어요|언제|엄마|여기|예수|오늘|우리|이상|일요일|자연|장비|즐겁|진짜|출발|치우|카누|코스|크리스마스|탄생|탐험|태어나|텐트|토요일|표적|핸드폰|행운,ᆸ니다|기억|대하|대화|서로|어머니|에게|이야기|일정|일찍|제안
442,dev_442,18,6,2,0.1111,0.3333,...|18|20|ᆫ데|ᆸ니다|계산서|괜찮|나요|다시|달러|습니다|실수|어디|어요|정말|죄송|혹시|확인,계산서|발견|수정|습니다|오류|요청,계산서|습니다,...|18|20|ᆫ데|ᆸ니다|괜찮|나요|다시|달러|실수|어디|어요|정말|죄송|혹시|확인,발견|수정|오류|요청
443,dev_443,17,7,4,0.2353,0.5714,ary.|ᆯ게|감기|걸리|고맙|무슨|바라|병원|보이|빨리|쑤시|안녕|안색|어야|오늘|온몸|충분히,mary|ᆫ다|감기|걸리|바라|빨리|상태,감기|걸리|바라|빨리,ary.|ᆯ게|고맙|무슨|병원|보이|쑤시|안녕|안색|어야|오늘|온몸|충분히,mary|ᆫ다|상태
444,dev_444,47,12,8,0.1702,0.6667,...|ᆯ까|가져오|가지|각각|구나|그거|그래|그래서|그렇|근데|끝나|농담|는데|다른|더니|들리|라고|마시|목마르|무슨|물건|미안|보이|사람|사막|서로|스코틀랜드|스코틀랜드인|시작|아일랜드인|아직|어쨌든|여행|영국인|웃기|으니까|으면|이해|자동차|잠깐|재미있|지도|진짜로|창문|챙기|하나,ᆫ다|가져가|농담|사막|스코틀랜드|아일랜드인|에게|에서|여행|영국인|자동차|지도,농담|사막|스코틀랜드|아일랜드인|여행|영국인|자동차|지도,...|ᆯ까|가져오|가지|각각|구나|그거|그래|그래서|그렇|근데|끝나|는데|다른|더니|들리|라고|마시|목마르|무슨|물건|미안|보이|사람|서로|스코틀랜드인|시작|아직|어쨌든|웃기|으니까|으면|이해|잠깐|재미있|진짜로|창문|챙기|하나,ᆫ다|가져가|에게|에서
445,dev_445,29,9,3,0.1034,0.3333,3|30|5|dale|mr.|ᆯ게|ᆯ까|거든|공항|긴급|나오|다시|도착|돌아오|동안|려고|마중|메시지|물론|비행기|시간|어떻|언제|연락|예정|으면|전화|지금|확실히,ᆸ니다|공항|나가|대신|동안|라고|부탁|에게|전화,공항|동안|전화,3|30|5|dale|mr.|ᆯ게|ᆯ까|거든|긴급|나오|다시|도착|돌아오|려고|마중|메시지|물론|비행기|시간|어떻|언제|연락|예정|으면|지금|확실히,ᆸ니다|나가|대신|라고|부탁|에게
446,dev_446,47,19,11,0.234,0.5789,5|6|adam|alice|ᆫ데|같이|계속|고맙|교통|그것|그런데|그렇|근데|급하|기다리|께서|꼬이|끝나|놓치|다고|다음|다행|라고|막히|미안|버스|사무실|상사|시간|아니|약속|어디|어서|어쩌|여기|영화|으니|으면|을게|이제|잖아|저녁|정도|지만|처리|체증|퇴근,adam|alice|ᆫ다|교통|놓치|다행|라고|버스|설명|어서|에게|여전히|영화|으로|이유|인하|저녁|체증|함께,adam|alice|교통|놓치|다행|라고|버스|어서|영화|저녁|체증,5|6|ᆫ데|같이|계속|고맙|그것|그런데|그렇|근데|급하|기다리|께서|꼬이|끝나|다고|다음|막히|미안|사무실|상사|시간|아니|약속|어디|어쩌|여기|으니|으면|을게|이제|잖아|정도|지만|처리|퇴근,ᆫ다|설명|에게|여전히|으로|이유|인하|함께
447,dev_447,47,14,7,0.1489,0.5,ᆫ데|ᆯ게|가깝|가져가|거나|고맙|괜찮|교수|그거|그러면|그런|글씨|너무|녹음|녹음기|느리|다른|다치|도움|들리|따라가|려고|많이|면서|무리|복사|빌리|사람|소리|수업|시간|아니|아프|앞쪽|애쓰|어떻|어서|요즘|이나|잖아|정말|진짜|칠판|필기|하나|확신|힘들,ᆫ다|거나|녹음|다른|라고|복사|부상|사람|수업|어려움|에게|으로|제안|필기,거나|녹음|다른|복사|사람|수업|필기,ᆫ데|ᆯ게|가깝|가져가|고맙|괜찮|교수|그거|그러면|그런|글씨|너무|녹음기|느리|다치|도움|들리|따라가|려고|많이|면서|무리|빌리|소리|시간|아니|아프|앞쪽|애쓰|어떻|어서|요즘|이나|잖아|정말|진짜|칠판|하나|확신|힘들,ᆫ다|라고|부상|어려움|에게|으로|제안
448,dev_448,47,12,6,0.1277,0.5,15|20|7|8|anderson|billy|가장|같이|걸리|괜찮|까지|데리|도시락|라고|무슨|미안|버스|벌써|샤워|소풍날|수업|시간|시작|아니|아들|아주머니|아직|아침|알람|어다|어떻|어야|어젯밤|엄마|었었|오늘|울리|잖아|정말|지금|최고|최소한|충분히|친구|친하|큰일|학교,anderson|ᆸ니다|라고|상황|소풍|시계|아주머니|알람|에게|울리|제안|학교,anderson|라고|아주머니|알람|울리|학교,15|20|7|8|billy|가장|같이|걸리|괜찮|까지|데리|도시락|무슨|미안|버스|벌써|샤워|소풍날|수업|시간|시작|아니|아들|아직|아침|어다|어떻|어야|어젯밤|엄마|었었|오늘|잖아|정말|지금|최고|최소한|충분히|친구|친하|큰일,ᆸ니다|상황|소풍|시계|에게|제안
449,dev_449,42,14,12,0.2857,0.8571,1|ᆫ가요|ᆸ니다|감사|괜찮|그것|그런데|네요|다른|다방|레크리에이션|면서|보다|볼링|산책|세요|센터|스포츠|습니다|아니|아주|어서|어요|에서|에요|우리|유일|으시|을까요|음료|음악|장소|정원|중국|즐기|천만에요|클래식|탁구|편안|편하|현대|호텔,ᆸ니다|다방|레크리에이션|산책|센터|에게|에서|음료|음악|장소|정원|즐기|추천|호텔,ᆸ니다|다방|레크리에이션|산책|센터|에서|음료|음악|장소|정원|즐기|호텔,1|ᆫ가요|감사|괜찮|그것|그런데|네요|다른|면서|보다|볼링|세요|스포츠|습니다|아니|아주|어서|어요|에요|우리|유일|으시|을까요|중국|천만에요|클래식|탁구|편안|편하|현대,에게|추천
450,dev_450,97,24,18,0.1856,0.75,"3|50,000|ᆫ데|ᆯ까요|ᆸ니다|가능|감사|강화|계산|고객|관계|군데|귀국|귀사|그래서|그렇|내용|네요|다른|대하|데이비드|도매|독점|동안|드리|들리|또한|로서|만들|말씀|모든|물론|벌써|보고|보장|사업|사의|상사|소매업자|솔직히|수출|스타일|습니다|시장|신중|신청|아니|어느|어떤|어서|업자|에게|에서|에요|에이전시|에이전트|여기|여쭤보|연간|열심히|예요|우리|유사|유지|으로|은데|을지|의류|이나|이미|재질|저희|정도|정말|정착|제품|조건|지나|지역|진행|최대한|최소|출처|취급|크기|판매량|포함|품목|필요|하나|함께|합리|협력|홍보|활동|활용|회사",3|ᆸ니다|가지|대하|데이비드|독점|보장|설명|시장|신청|약속|에서|에이전시|에이전트|연간|원칙|장점|제품|준수|지역|최소|판매량|협력|회사,3|ᆸ니다|대하|데이비드|독점|보장|시장|신청|에서|에이전시|에이전트|연간|제품|지역|최소|판매량|협력|회사,"50,000|ᆫ데|ᆯ까요|가능|감사|강화|계산|고객|관계|군데|귀국|귀사|그래서|그렇|내용|네요|다른|도매|동안|드리|들리|또한|로서|만들|말씀|모든|물론|벌써|보고|사업|사의|상사|소매업자|솔직히|수출|스타일|습니다|신중|아니|어느|어떤|어서|업자|에게|에요|여기|여쭤보|열심히|예요|우리|유사|유지|으로|은데|을지|의류|이나|이미|재질|저희|정도|정말|정착|조건|지나|진행|최대한|출처|취급|크기|포함|품목|필요|하나|함께|합리|홍보|활동|활용",가지|설명|약속|원칙|장점|준수
451,dev_451,29,8,4,0.1379,0.5,ᆫ지|ᆸ니다|가깝|가장|감사|거기|걸리|괜찮|나요|바로|보내|보이|세요|습니다|신호|아니요|알리|어디|어요|에서|영화관|예요|오래|왼쪽|으로|저기|전혀|정말|하루,ᆸ니다|가깝|가장|물어보|안내|에게|영화관|위치,ᆸ니다|가깝|가장|영화관,ᆫ지|감사|거기|걸리|괜찮|나요|바로|보내|보이|세요|습니다|신호|아니요|알리|어디|어요|에서|예요|오래|왼쪽|으로|저기|전혀|정말|하루,물어보|안내|에게|위치
452,dev_452,39,16,9,0.2308,0.5625,haven|ill.|ina.|ᆯ까|거기|고맙|괜찮|그녀|그러|그립|다시|대신|많이|메리|메일|미안|방금|번호|보내|세계|얘기|어서|연락|예쁘|요즘|으려고|은데|이메일|인사|전자|정말|조금|천만에|친구|카드|컴퓨터|크리스마스|한테|흥미,bill|haven|jina|대신|로부터|번호|세계|습니다|요청|이메일|전자|제공|지만|친구|카드|크리스마스,haven|대신|번호|세계|이메일|전자|친구|카드|크리스마스,ill.|ina.|ᆯ까|거기|고맙|괜찮|그녀|그러|그립|다시|많이|메리|메일|미안|방금|보내|얘기|어서|연락|예쁘|요즘|으려고|은데|인사|정말|조금|천만에|컴퓨터|한테|흥미,bill|jina|로부터|습니다|요청|제공|지만
453,dev_453,41,26,9,0.2195,0.3462,18|pg|개인|걸리|관람|권장|기억|나이|는지|대여점|덕분|등급|때문|모습|미만|부모|불가|비디오|사람|선택|성인|스스로|신경|아예|어떤|어리|어야|없이|에서|영화|영화관|요즘|우리|의미|이제|잖아|전체|조차|지도|쫓아내|취향,ᆫ다|ᆫ다고|개인|관심|나이|다고|대여점|대하|등급|등장|따르|만큼|비디오|생각|선택|에서|영화|영화관|예전|으로|이루|이상|이야기|인하|제한|현재,개인|나이|대여점|등급|비디오|선택|에서|영화|영화관,18|pg|걸리|관람|권장|기억|는지|덕분|때문|모습|미만|부모|불가|사람|성인|스스로|신경|아예|어떤|어리|어야|없이|요즘|우리|의미|이제|잖아|전체|조차|지도|쫓아내|취향,ᆫ다|ᆫ다고|관심|다고|대하|등장|따르|만큼|생각|예전|으로|이루|이상|이야기|인하|제한|현재
454,dev_454,58,9,5,0.0862,0.5556,10|10%|150|4|5|505|ᆫ가요|ᆫ데|ᆯ게요|ᆸ니다|가능|객실|거든요|괜찮|나요|더블|드리|등록|딸리|머물|방문|번호|벨보이|보증금|빈방|서비스|세요|습니다|시끄럽|싱글|아니|아주|안녕|양식|어요|얼마|얼마나|없이|여기|열쇠|예약|예요|예정|요금|욕실|위안|으로|으면|이거|작성|정도|정책|조용|포함|필요|하나|하루|호텔,ᆸ니다|도록|도와주|보증금|싱글|없이|예약|조용하|지불,ᆸ니다|보증금|싱글|없이|예약,10|10%|150|4|5|505|ᆫ가요|ᆫ데|ᆯ게요|가능|객실|거든요|괜찮|나요|더블|드리|등록|딸리|머물|방문|번호|벨보이|빈방|서비스|세요|습니다|시끄럽|아니|아주|안녕|양식|어요|얼마|얼마나|여기|열쇠|예요|예정|요금|욕실|위안|으로|으면|이거|작성|정도|정책|조용|포함|필요|하나|하루|호텔,도록|도와주|조용하|지불
455,dev_455,38,12,6,0.1579,0.5,ᆫ가|ᆸ니다|감사|갑자기|강하|괜찮|너무|느낌|는데|다른|도와주|무슨|문제|바로|병력|복통|부터|빨리|생기|세상에|세요|아니|아주|아침|아프|어디|어서|어야|어요|언제|여기|으시|응급실|이런|일어나|제일|통증|특별히,ᆫ다고|ᆸ니다|갑자기|때문|병력|복통|심하|어야|으며|응급실|조언|호소,ᆸ니다|갑자기|병력|복통|어야|응급실,ᆫ가|감사|강하|괜찮|너무|느낌|는데|다른|도와주|무슨|문제|바로|부터|빨리|생기|세상에|세요|아니|아주|아침|아프|어디|어서|어요|언제|여기|으시|이런|일어나|제일|통증|특별히,ᆫ다고|때문|심하|으며|조언|호소
456,dev_456,26,13,7,0.2692,0.5385,5|ᆫ데|겨울|그런데|그럼|기에|날씨|남부|대만|따뜻|보통|섭씨|아니|오늘|온도|이렇|이번|익숙|정도|준비|진짜|처음|출신|캘리포니아|항상|훨씬,ᆫ다|겨울|경험|느끼|다고|대만|따뜻|에게|조언|준비|처음|출신|캘리포니아,겨울|대만|따뜻|준비|처음|출신|캘리포니아,5|ᆫ데|그런데|그럼|기에|날씨|남부|보통|섭씨|아니|오늘|온도|이렇|이번|익숙|정도|진짜|항상|훨씬,ᆫ다|경험|느끼|다고|에게|조언
457,dev_457,21,5,4,0.1905,0.8,ᆸ니다|나요|드리|마늘|메뉴|물론|보이|새우|세요|습니다|신선하|어요|여기|오늘|저희|주문|준비|채소|추천|특별|해산물,도록|습니다|주문|채소|해산물,습니다|주문|채소|해산물,ᆸ니다|나요|드리|마늘|메뉴|물론|보이|새우|세요|신선하|어요|여기|오늘|저희|준비|추천|특별,도록
458,dev_458,51,16,7,0.1373,0.4375,6|ᆯ게|ᆯ래|거든|고등학교|고맙|공부|구나|그래서|그렇|그렇게|근데|기회|는데|다니|다른|대학교|대화|많이|무슨|별로|보스턴|부터|사람|사실|수학|시작|실력|아직|어디|어서|얼마나|에서|여기|역사|연습|영어|오늘|오래|우리|은가|이랑|전공|정말|중요|초대|친구|크레이그|파티|학교|학생,ᆸ니다|경험|부족|습니다|어려움|연습|영어|오늘|오래|으로|지만|초대|크레이그|파티|학습|회화,연습|영어|오늘|오래|초대|크레이그|파티,6|ᆯ게|ᆯ래|거든|고등학교|고맙|공부|구나|그래서|그렇|그렇게|근데|기회|는데|다니|다른|대학교|대화|많이|무슨|별로|보스턴|부터|사람|사실|수학|시작|실력|아직|어디|어서|얼마나|에서|여기|역사|우리|은가|이랑|전공|정말|중요|친구|학교|학생,ᆸ니다|경험|부족|습니다|어려움|으로|지만|학습|회화
459,dev_459,40,11,5,0.125,0.4545,ᆯ까|가.|같이|거든|관심|구나|근처|기분|기숙사|너무|다시피|돌아오|마시|무리|바쁘|방법|보통|빠지|섹션|소식|스트레스|스포츠|시간|신문|약하|어떻|어서|에서|와인|유명|으로|이해|일요|자주|잖아|지치|특이|풀리|프레드|회사,ᆫ다|스트레스|스포츠|어서|와인|으며|정보|즐기|프레드|피곤|해소,스트레스|스포츠|어서|와인|프레드,ᆯ까|가.|같이|거든|관심|구나|근처|기분|기숙사|너무|다시피|돌아오|마시|무리|바쁘|방법|보통|빠지|섹션|소식|시간|신문|약하|어떻|에서|유명|으로|이해|일요|자주|잖아|지치|특이|풀리|회사,ᆫ다|으며|정보|즐기|피곤|해소
460,dev_460,17,8,0,0.0,0.0,가끔|건드리|그냥|그래|당하|도저히|떨어지|똑같이|멀리|받아들이|별로|사람|아니|엮이|이랑|한테서|행동,ᆫ다|거리|권유|남자|동의|라고|어떤|에게,,가끔|건드리|그냥|그래|당하|도저히|떨어지|똑같이|멀리|받아들이|별로|사람|아니|엮이|이랑|한테서|행동,ᆫ다|거리|권유|남자|동의|라고|어떤|에게
461,dev_461,41,11,3,0.0732,0.2727,ᆫ다는|고맙|그녀|그러|남자|남편|네요|당신|대하|돼지|로사리오|무슨|방금|불평|비꼬|사람|사랑|사실|사촌|수백|아이|어요|에요|예요|우리|으라고|으세요|이거|이랑|이런|재밌|적어도|정말|좋아하|지만|진짜|키우|하지만|하하|한테|할머니,ᆸ니다|가지|농담|따뜻|라고|마음|사람|사촌|생각|즐기|지만,사람|사촌|지만,ᆫ다는|고맙|그녀|그러|남자|남편|네요|당신|대하|돼지|로사리오|무슨|방금|불평|비꼬|사랑|사실|수백|아이|어요|에요|예요|우리|으라고|으세요|이거|이랑|이런|재밌|적어도|정말|좋아하|진짜|키우|하지만|하하|한테|할머니,ᆸ니다|가지|농담|따뜻|라고|마음|생각|즐기
462,dev_462,26,9,2,0.0769,0.2222,ᆫ지|가하|고맙|그것|그런|깨우|는데|데드 맨|라고|라도|모르|못하|아니|아무것|압력|어서|에스프레소|이거|이름|이탈리아어|이해|증기|커피|통과|혹시|확실,ᆫ다|나누|다른|대하|라는|에스프레소|유래|의견|이름,에스프레소|이름,ᆫ지|가하|고맙|그것|그런|깨우|는데|데드 맨|라고|라도|모르|못하|아니|아무것|압력|어서|이거|이탈리아어|이해|증기|커피|통과|혹시|확실,ᆫ다|나누|다른|대하|라는|유래|의견
463,dev_463,25,8,2,0.08,0.25,10|ᆫ가|가끔|그냥|그래서|그러면|그렇|까지|네요|당신|많이|매년|바쁘|밖에|세요|야근|어요|여행|요즘|월급|이번|저희|정말|하나|하지만,ᆸ니다|계획|대하|바쁘|서로|여행|이야기|일상,바쁘|여행,10|ᆫ가|가끔|그냥|그래서|그러면|그렇|까지|네요|당신|많이|매년|밖에|세요|야근|어요|요즘|월급|이번|저희|정말|하나|하지만,ᆸ니다|계획|대하|서로|이야기|일상
464,dev_464,48,16,10,0.2083,0.625,ᆫ가요|ᆯ게요|ᆸ니다|개별|계시|궁금하|그동안|근처|나오|나요|누구|는데|다고|다면|대기|더라고|드리|매년|명단|발간|번호|부탁|사무실|습니다|아파트|어야|어요|에게|에서|여기|연락|올리|요건|위치|으시|을까요|이번|전화|주거|주거지|주인|지만|충족|친구|카탈로그|캠퍼스|학기|항목,ᆸ니다|거주|대기|마감|명단|아파트|에서|오르|요건|으로|인하|제공|지만|충족|카탈로그|캠퍼스,ᆸ니다|대기|명단|아파트|에서|요건|지만|충족|카탈로그|캠퍼스,ᆫ가요|ᆯ게요|개별|계시|궁금하|그동안|근처|나오|나요|누구|는데|다고|다면|더라고|드리|매년|발간|번호|부탁|사무실|습니다|어야|어요|에게|여기|연락|올리|위치|으시|을까요|이번|전화|주거|주거지|주인|친구|학기|항목,거주|마감|오르|으로|인하|제공
465,dev_465,29,7,3,0.1034,0.4286,그런|그렇|남자|너무|누구|는구나|는데|는지|다고|다른|더라고|려고|맞추|맞히|무슨|사람|생각|얘기|어떻|어서|어젯밤|우리|이유|저번|전화|친구|케이트|한테서|흥분,남자|모두|방해|이야기|인하|친구|케이트,남자|친구|케이트,그런|그렇|너무|누구|는구나|는데|는지|다고|다른|더라고|려고|맞추|맞히|무슨|사람|생각|얘기|어떻|어서|어젯밤|우리|이유|저번|전화|한테서|흥분,모두|방해|이야기|인하
466,dev_466,50,17,8,0.16,0.4706,ᆫ다면|가만히|거의|건포도|고맙|공간|규모|그런데|그룹|근처|나요|네요|다고|다른|떨어지|마치|멀리|면서|반죽|발생|복잡하|사이|서로|아니|어떤|어떻|어서|어요|언젠가|에서|영향|우리|우주|움직이|움직임|유익|으로|은하|이웃|일반|정말|주변|중력|처럼|천만에요|충돌|충분히|통하|팽창|하지만,ᆸ니다|경우|공간|다고|대하|생각|설명|유익|으로|은하|이동|지만|질문|충돌|통하|특정|팽창,공간|다고|유익|으로|은하|충돌|통하|팽창,ᆫ다면|가만히|거의|건포도|고맙|규모|그런데|그룹|근처|나요|네요|다른|떨어지|마치|멀리|면서|반죽|발생|복잡하|사이|서로|아니|어떤|어떻|어서|어요|언젠가|에서|영향|우리|우주|움직이|움직임|이웃|일반|정말|주변|중력|처럼|천만에요|충분히|하지만,ᆸ니다|경우|대하|생각|설명|이동|지만|질문|특정
467,dev_467,31,11,4,0.129,0.3636,가구|같이|거든|거실|고르|그것|깨끗|내장|너무|라디오|레코드|부르|분리|소니|소리|스피커|시연|아니|어떻|어서|어야|여기|이거|잖아|정말|제품|카세트|판매원|플레이어|하지만|힘들,ᆸ니다|고려|구매|레코드|시연|에게|요청|자고|제안|판매원|플레이어,레코드|시연|판매원|플레이어,가구|같이|거든|거실|고르|그것|깨끗|내장|너무|라디오|부르|분리|소니|소리|스피커|아니|어떻|어서|어야|여기|이거|잖아|정말|제품|카세트|하지만|힘들,ᆸ니다|고려|구매|에게|요청|자고|제안
468,dev_468,62,14,6,0.0968,0.4286,갈등|건강|결혼|굉장히|그래도|그러|그러면|그런데|그럼|그렇|금발|남편|네요|는데|다고|다른|단어|대요|더라고|똑똑|라면|많이|머리카락|문화|미국인|배우|보다|사람|살짝|생기|아들|아이|알아보|어떤|어떻|어서|어요|언어|에게|에서|에요|여기|영어|예요|외국인|으세요|이랑|정말|주로|중국|중국어|중국인|중요|지금|차차|첫해|특별|피부|하얗|행복|확실히|힘들,ᆸ니다|결혼|다고|대하|또한|습니다|아들|어렵|에게|외국인|이야기|자신|첫해|털어놓,결혼|다고|아들|에게|외국인|첫해,갈등|건강|굉장히|그래도|그러|그러면|그런데|그럼|그렇|금발|남편|네요|는데|다른|단어|대요|더라고|똑똑|라면|많이|머리카락|문화|미국인|배우|보다|사람|살짝|생기|아이|알아보|어떤|어떻|어서|어요|언어|에서|에요|여기|영어|예요|으세요|이랑|정말|주로|중국|중국어|중국인|중요|지금|차차|특별|피부|하얗|행복|확실히|힘들,ᆸ니다|대하|또한|습니다|어렵|이야기|자신|털어놓
469,dev_469,29,9,2,0.069,0.2222,#dateofbirth|#이에요|27|4|ᆫ지|ᆯ까요|그런데|그럼|그렇|내일|너무|놓치|는지|다섯|세요|시작|알리|어도|어서|어요|언제|에요|영화|오늘|으로|음력|잖아요|제시간|태어나,ᆸ니다|맞추|생일|시간|시작|어려움|에게|영화|토로,시작|영화,#dateofbirth|#이에요|27|4|ᆫ지|ᆯ까요|그런데|그럼|그렇|내일|너무|놓치|는지|다섯|세요|알리|어도|어서|어요|언제|에요|오늘|으로|음력|잖아요|제시간|태어나,ᆸ니다|맞추|생일|시간|어려움|에게|토로
470,dev_470,20,6,2,0.1,0.3333,harry|그러|극치|글쎄요|너무|네요|노래|니까|다른|라고|별로|비싸|아니요|어요|언어|예술|예요|오페라|잖아요|짜증,harry|습니다|에게|오페라|이유|좋아하,harry|오페라,그러|극치|글쎄요|너무|네요|노래|니까|다른|라고|별로|비싸|아니요|어요|언어|예술|예요|잖아요|짜증,습니다|에게|이유|좋아하
471,dev_471,21,5,0,0.0,0.0,ᆯ로|가능|골프공|그거|끼우|나무|나쁘|드라이브|라고|막대기|면서|목표|부르|손가락|우드|이렇게|자세|최대한|클럽|타수|휘두르,ᆫ다|가르치|골프|방법|에게,,ᆯ로|가능|골프공|그거|끼우|나무|나쁘|드라이브|라고|막대기|면서|목표|부르|손가락|우드|이렇게|자세|최대한|클럽|타수|휘두르,ᆫ다|가르치|골프|방법|에게
472,dev_472,17,6,3,0.1765,0.5,mary|그래서|기억|냐고|느끼|마치|만나|식당|어도|어서|어제|우리|잖아|절대|처럼|처음|혼자,mary|ᆫ다|만나|순간|처음|회상,mary|만나|처음,그래서|기억|냐고|느끼|마치|식당|어도|어서|어제|우리|잖아|절대|처럼|혼자,ᆫ다|순간|회상
473,dev_473,74,19,10,0.1351,0.5263,1|ᆯ로|가격|가지|거기|걸리|고맙|고지|그거|그날|그렇게|근데|기대|꾸미|나누|놓이|다고|더라|레스토랑|려면|리셉션|맛있|명함|모두|미니|미니바|미용실|밖에|보내|부분|불만|사우나|상자|생선|서비스|세계|수영장|시설|식사|싫어하|아니|아주|어떻|어서|에서|예약|외부|웨이터|으니까|으면|음료|이것|이메일|인터넷|자쿠지|재미있|접속|정말|정책|제기|주말|지만|직원|체크아웃|체크인|최고|추천|친절|특별|할인|함께|합리|호텔|확인,ᆸ니다|고지|권장|레스토랑|미리|서비스|소개|시설|에게|에서|예약|정책|주말|즐기|칭찬|할인|호텔|훌륭|흥미,고지|레스토랑|서비스|시설|에서|예약|정책|주말|할인|호텔,1|ᆯ로|가격|가지|거기|걸리|고맙|그거|그날|그렇게|근데|기대|꾸미|나누|놓이|다고|더라|려면|리셉션|맛있|명함|모두|미니|미니바|미용실|밖에|보내|부분|불만|사우나|상자|생선|세계|수영장|식사|싫어하|아니|아주|어떻|어서|외부|웨이터|으니까|으면|음료|이것|이메일|인터넷|자쿠지|재미있|접속|정말|제기|지만|직원|체크아웃|체크인|최고|추천|친절|특별|함께|합리|확인,ᆸ니다|권장|미리|소개|에게|즐기|칭찬|훌륭|흥미
474,dev_474,74,9,3,0.0405,0.3333,"12|1394|16.1|2,699.00|2,980.00|2.8|31|512|64|8|80|cd|ddr|dram|dvd|ethernet|fast|gb|ghz|ieee|mb|ram|rw|tft|usb|usga|ᆫ가|ᆫ데|ᆸ니다|가능|갖추|고맙|그거|그래픽|기능|까지|노트북|데스크탑|듀얼|드라이브|디지털|말씀|모든|모바일|물론|배터리|보드|세일|슬림|습니다|아니|어서|어요|얼마|왼쪽|을까요|이거|인상|인치|인터페이스|잠시|장비|저기|정가|첨단|카드|컴퓨터|콤보|통합|파워|포트|프로세서|하드|화면",ᆸ니다|가격|감명|노트북|문의|사양|설명|세일|에게,ᆸ니다|노트북|세일,"12|1394|16.1|2,699.00|2,980.00|2.8|31|512|64|8|80|cd|ddr|dram|dvd|ethernet|fast|gb|ghz|ieee|mb|ram|rw|tft|usb|usga|ᆫ가|ᆫ데|가능|갖추|고맙|그거|그래픽|기능|까지|데스크탑|듀얼|드라이브|디지털|말씀|모든|모바일|물론|배터리|보드|슬림|습니다|아니|어서|어요|얼마|왼쪽|을까요|이거|인상|인치|인터페이스|잠시|장비|저기|정가|첨단|카드|컴퓨터|콤보|통합|파워|포트|프로세서|하드|화면",가격|감명|문의|사양|설명|에게
475,dev_476,44,10,6,0.1364,0.6,24|ᆫ지|ᆯ게|계산|관리자|그거|그것|그러면|기록|꺼내|나중|는지|도와주|도움|먼저|모르|물론|보다|부터|사용|생각|서명|선반|시간|시간표|시작|아니|어디|어서|어야|어요|에게|에서|으로|이름|이제|자정|작성|제출|주간|총합|표시|필요|하나,ᆸ니다|관리자|방법|서명|설명|시간|시간표|에게|제출|합산,관리자|서명|시간|시간표|에게|제출,24|ᆫ지|ᆯ게|계산|그거|그것|그러면|기록|꺼내|나중|는지|도와주|도움|먼저|모르|물론|보다|부터|사용|생각|선반|시작|아니|어디|어서|어야|어요|에서|으로|이름|이제|자정|작성|주간|총합|표시|필요|하나,ᆸ니다|방법|설명|합산
476,dev_477,17,12,7,0.4118,0.5833,걱정|걸어가|그럼|내리|네요|다음|세요|애비뉴|어디|어서|어야|어요|에서|이전|정류장|정말|피프스,ᆫ다고|ᆸ니다|걸어가|내리|다음|안내|어서|에게|에서|으니|이전|정류장,걸어가|내리|다음|어서|에서|이전|정류장,걱정|그럼|네요|세요|애비뉴|어디|어야|어요|정말|피프스,ᆫ다고|ᆸ니다|안내|에게|으니
477,dev_478,35,13,5,0.1429,0.3846,idt.|mrs.|schm|ᆯ래|ᆯ지|거꾸로|건강|고맙|굳이|까지|나중|네요|노력|다녀오|당근|마시|만들|많이|매일|모르|물구나무서|수업|신경|아침|어도|어서|어야|어요|여기|오늘|요가|으로|정말|주스|학교,mrs.|schmidt|ᆫ다고|ᆸ니다|각자|건강|공유|많이|물구나무서|방법|생각|신경|자신,mrs.|건강|많이|물구나무서|신경,idt.|schm|ᆯ래|ᆯ지|거꾸로|고맙|굳이|까지|나중|네요|노력|다녀오|당근|마시|만들|매일|모르|수업|아침|어도|어서|어야|어요|여기|오늘|요가|으로|정말|주스|학교,schmidt|ᆫ다고|ᆸ니다|각자|공유|방법|생각|자신
478,dev_479,54,12,8,0.1481,0.6667,ᆯ게요|ᆯ까요|ᆯ래요|ᆸ니다|가지|감사|같이|괜찮|그런데|그리고|나누|네요|다른|드리|디저트|따뜻|딸기|리스트|매콤|멋지|무스|바로|부탁|부터|세요|쇼트|수제|스프|식사|신선하|애플|어다|어떻|어요|오늘|완벽|으시|음료|음식|이랑|이서|저녁|저희|정말|조각|좋아하|준비|초콜릿|친구|커피|케이크|크리|포크|하나,ᆸ니다|디저트|뜨겁|무스|스프|애플|에게|주문|초콜릿|추천|케이크|크리,ᆸ니다|디저트|무스|스프|애플|초콜릿|케이크|크리,ᆯ게요|ᆯ까요|ᆯ래요|가지|감사|같이|괜찮|그런데|그리고|나누|네요|다른|드리|따뜻|딸기|리스트|매콤|멋지|바로|부탁|부터|세요|쇼트|수제|식사|신선하|어다|어떻|어요|오늘|완벽|으시|음료|음식|이랑|이서|저녁|저희|정말|조각|좋아하|준비|친구|커피|포크|하나,뜨겁|에게|주문|추천
479,dev_480,60,12,3,0.05,0.25,1|400|6|ᆫ가|ᆯ게요|ᆯ까요|ᆸ니다|가르치|가치|개월|개인|계획|고객|괜찮|기구|나요|네요|다르|다른|달성|도록|드리|따르|맞추|모든|목표|방법|별로|보이|사용|상태|서비스|선택|세우|수립|습니다|신체|안녕하세요|어떤|어떻|어서|어야|어요|얼마|요금|요즘|우선|운동|위안|자격|저희|제공|진행|체력|충분히|통하|트레이너|평가|필요|회원,ᆸ니다|건강|결정|그녀|맞춤|서비스|소개|시도|에게|운동|유지|회원권,ᆸ니다|서비스|운동,1|400|6|ᆫ가|ᆯ게요|ᆯ까요|가르치|가치|개월|개인|계획|고객|괜찮|기구|나요|네요|다르|다른|달성|도록|드리|따르|맞추|모든|목표|방법|별로|보이|사용|상태|선택|세우|수립|습니다|신체|안녕하세요|어떤|어떻|어서|어야|어요|얼마|요금|요즘|우선|위안|자격|저희|제공|진행|체력|충분히|통하|트레이너|평가|필요|회원,건강|결정|그녀|맞춤|소개|시도|에게|유지|회원권
480,dev_481,60,14,10,0.1667,0.7143,becca.|cca.|childs|miss|mr.|ons.|pa|pars|re|rebe|rebecca|rsons.|ᆫ가|ᆸ니다|감사|결정|괜찮|궁금하|기대|내일|다음|드리|든지|마치|면접|명함|물론|번호|빨리|생기|설명|세요|소식|습니다|시간|아니요|안녕히|어도|어서|어요|언제|에게|여기|연락|영광|예요|오히려|완벽|월요일|으니|으세요|으시|을까요|이나|적히|정말|주요|지금|화요일|휴대폰,childs|miss|mr.|parsons|rebecca|ᆫ다|결정|다음|라고|면접|명함|알리|에게|연락,childs|miss|mr.|rebecca|결정|다음|면접|명함|에게|연락,becca.|cca.|ons.|pa|pars|re|rebe|rsons.|ᆫ가|ᆸ니다|감사|괜찮|궁금하|기대|내일|드리|든지|마치|물론|번호|빨리|생기|설명|세요|소식|습니다|시간|아니요|안녕히|어도|어서|어요|언제|여기|영광|예요|오히려|완벽|월요일|으니|으세요|으시|을까요|이나|적히|정말|주요|지금|화요일|휴대폰,parsons|ᆫ다|라고|알리
481,dev_482,49,13,7,0.1429,0.5385,갈아입|고객|군요|그거|그냥|그래|그럼|그리고|기분|나쁘|나요|네요|다르|다른|러닝머신|마케팅|문제|미안|브루스|순간|시장|아직|어떻|어리|어린이|어서|어야|어요|엄마|에서|에요|여기|예요|우선|이나|이번|인기|일단|자라|줄넘기|지만|처럼|처음|청바지|친구|카드|탐험|현명|회원,ᆸ니다|떠나|라고|러닝머신|브루스|시도|이나|제안|줄넘기|지만|처럼|청바지|허용,러닝머신|브루스|이나|줄넘기|지만|처럼|청바지,갈아입|고객|군요|그거|그냥|그래|그럼|그리고|기분|나쁘|나요|네요|다르|다른|마케팅|문제|미안|순간|시장|아직|어떻|어리|어린이|어서|어야|어요|엄마|에서|에요|여기|예요|우선|이번|인기|일단|자라|처음|친구|카드|탐험|현명|회원,ᆸ니다|떠나|라고|시도|제안|허용
482,dev_483,59,18,14,0.2373,0.7778,11|br|brown|mr.|own.|susan|susan.|ted|ᆫ가|ᆫ가요|계시|고맙|고장|군요|그래서|그렇|까지|나요|너무|놓치|늦잠|다고|더라고|라고|무슨|바꾸|버스|벌써|생기|수면|습관|습니다|시계|아드님|아침|아홉|안녕하세요|어서|어야|어요|어젯밤|에요|여행|예요|오늘|으면|이런|이유|일어나|일찍|자정|작동|잠들|잠자리|저희|전화|주무시|학교|한테,brown|mr.|susan|ted|ᆸ니다|그녀|놓치|라고|바꾸|수면|습관|습니다|에게|여행|이유|전화|제안|학교,brown|mr.|susan|ted|놓치|라고|바꾸|수면|습관|습니다|여행|이유|전화|학교,11|br|own.|susan.|ᆫ가|ᆫ가요|계시|고맙|고장|군요|그래서|그렇|까지|나요|너무|늦잠|다고|더라고|무슨|버스|벌써|생기|시계|아드님|아침|아홉|안녕하세요|어서|어야|어요|어젯밤|에요|예요|오늘|으면|이런|일어나|일찍|자정|작동|잠들|잠자리|저희|주무시|한테,ᆸ니다|그녀|에게|제안
483,dev_484,25,10,6,0.24,0.6,john|ᆯ지|과목|과학|관련|관심|그래|그런|기술|라고|모르|분야|생각|수학|아니|아빠|아직|엔지니어|으로|의사|의학|정보|제일|졸업|컴퓨터,john|ᆸ니다|기술|분야|아버지|에서|의사|정보|졸업|희망,john|기술|분야|의사|정보|졸업,ᆯ지|과목|과학|관련|관심|그래|그런|라고|모르|생각|수학|아니|아빠|아직|엔지니어|으로|의학|제일|컴퓨터,ᆸ니다|아버지|에서|희망
484,dev_485,90,22,12,0.1333,0.5455,...|10|1020|24|90|adley.|br|brad|bradley|john|ley.|mr.|ᆯ게요|ᆯ까요|ᆸ니다|가능|결제|국적|규정|기다리|나요|나중|날짜|네요|다음|담기|대신|데스크|동안|드리|리스트|말씀|모든|목욕|물론|바라|발급|번호|벨보이|보관|보이|부르|부분|부탁|빈칸|빌리|서명|서비스|성함|소지|습니까|습니다|식사|싱글|아침|안내|양식|어도|어디|어서|어야|언제|에서|여권|여기|예약|완료|요금|으니|으로|으면|으시|음료|이름|이제|인포메이션|작성|잠시|전부|정보|제대로|주소|준비|카드|퇴실|필요|하루|항상|호텔|확인,bradley|mr.|ᆫ다고|ᆸ니다|다기능|도록|도와주|번호|벨보이|부르|상기|소지|시키|알리|양식|어야|에게|위하|작성|체크인|카드|항상,bradley|mr.|ᆸ니다|번호|벨보이|부르|소지|양식|어야|작성|카드|항상,...|10|1020|24|90|adley.|br|brad|john|ley.|ᆯ게요|ᆯ까요|가능|결제|국적|규정|기다리|나요|나중|날짜|네요|다음|담기|대신|데스크|동안|드리|리스트|말씀|모든|목욕|물론|바라|발급|보관|보이|부분|부탁|빈칸|빌리|서명|서비스|성함|습니까|습니다|식사|싱글|아침|안내|어도|어디|어서|언제|에서|여권|여기|예약|완료|요금|으니|으로|으면|으시|음료|이름|이제|인포메이션|잠시|전부|정보|제대로|주소|준비|퇴실|필요|하루|호텔|확인,ᆫ다고|다기능|도록|도와주|상기|시키|알리|에게|위하|체크인
485,dev_486,60,8,5,0.0833,0.625,1|4|ᆯ게요|ᆸ니다|가깝|가장|감사|거리|건물|계시|국기|군요|그렇|그리고|까지|나요|다른|다시|단지|대하|도움|동네|드리|등기|따르|떨어지|라는|려고|마일|물론|미국|보내|붙이|블록|사무실|세요|실례|안녕히 계세요|어떻|어서|어야|어요|에서|여기|예요|오른쪽|우체국|우체통|우표|위쪽|으로|으면|으시|이미|이요|입구|정도|편지|평생|표지판,ᆸ니다|가깝|가장|대하|알리|에게|우체국|위치,ᆸ니다|가깝|가장|대하|우체국,1|4|ᆯ게요|감사|거리|건물|계시|국기|군요|그렇|그리고|까지|나요|다른|다시|단지|도움|동네|드리|등기|따르|떨어지|라는|려고|마일|물론|미국|보내|붙이|블록|사무실|세요|실례|안녕히 계세요|어떻|어서|어야|어요|에서|여기|예요|오른쪽|우체통|우표|위쪽|으로|으면|으시|이미|이요|입구|정도|편지|평생|표지판,알리|에게|위치
486,dev_487,108,28,18,0.1667,0.6429,1|2|3|30|44|6|7|lisa|lynch|ᆸ니까|ᆸ니다|가지|개선|개월|걸치|게다가|경제학|고는|고용|관련|교수|그래서|그렇|급격히|긍정|나타나|나타내|누구|는지|늘리|늘어나|다고|다는|대신|대학교|동안|라고|라는|만나|말씀드리|매우|모든|무슨|무엇|벌어지|병원|보건|보고서|부문|분야|비즈니스|비하|산업|살펴보|상향|새롭|생각|서비스|성장|세요|손실|수치|슈퍼마켓|습니까|습니다|시장|식당|식료품점|아니|어서|에서|여러|예외|위하|으로|으며|이것|이러|이루어지|일자리|자세히|전반|전환점|제외|제조업|조정|중요|증가|지나|지난달|지만|직원|직종|창출|채용|처럼|처음|추가|침체기|캘리포니아|투프츠|파업|평균|폭넓|해결|호텔|확실히|훌륭,3|lisa|lynch|ᆫ다고|ᆸ니다|개선|교수|긍정|다고|대부분|대하|보고서|보이|산업|새로|설명|성장|시장|인터뷰|일자리|제조업|증가|증감|지난달|지만|창출|침체|평가,3|lisa|lynch|ᆸ니다|개선|교수|긍정|다고|보고서|산업|성장|시장|일자리|제조업|증가|지난달|지만|창출,1|2|30|44|6|7|ᆸ니까|가지|개월|걸치|게다가|경제학|고는|고용|관련|그래서|그렇|급격히|나타나|나타내|누구|는지|늘리|늘어나|다는|대신|대학교|동안|라고|라는|만나|말씀드리|매우|모든|무슨|무엇|벌어지|병원|보건|부문|분야|비즈니스|비하|살펴보|상향|새롭|생각|서비스|세요|손실|수치|슈퍼마켓|습니까|습니다|식당|식료품점|아니|어서|에서|여러|예외|위하|으로|으며|이것|이러|이루어지|자세히|전반|전환점|제외|조정|중요|지나|직원|직종|채용|처럼|처음|추가|침체기|캘리포니아|투프츠|파업|평균|폭넓|해결|호텔|확실히|훌륭,ᆫ다고|대부분|대하|보이|새로|설명|인터뷰|증감|침체|평가
487,dev_488,44,13,7,0.1591,0.5385,ᆯ게|ᆯ로|가장|거든|격자|괜찮|그거|그것|그런|다시|대표|동의|려면|모르|무늬|무슨|보이|빨간색|사용|색상|생각|생동감|소파|스타일|아직|어떤|에서|오후|요소|으로|이나|이해|장식|전통|정말|좋아하|중국|중국식|중요|지만|창문|추가|표현|풍경화,ᆫ다|가지|결정|색상|소파|아직|에게|요소|원하|전통|제안|중국|추가,색상|소파|아직|요소|전통|중국|추가,ᆯ게|ᆯ로|가장|거든|격자|괜찮|그거|그것|그런|다시|대표|동의|려면|모르|무늬|무슨|보이|빨간색|사용|생각|생동감|스타일|어떤|에서|오후|으로|이나|이해|장식|정말|좋아하|중국식|중요|지만|창문|표현|풍경화,ᆫ다|가지|결정|에게|원하|제안
488,dev_489,30,10,3,0.1,0.3,charlie|ᆯ라고|ᆯ래|그런데|근데|까지|뒷정리|라도|룸메이트|마다|무슨|사이|소용|시도|싸우|아니|얘기|어떻|어쨌든|음악|이제|자기|잖아|정말|지금|진지|최악|친구|친하|하나,charlie|ᆫ다|대하|라고|라는|룸메이트|부탁|불평|얘기|에게,charlie|룸메이트|얘기,ᆯ라고|ᆯ래|그런데|근데|까지|뒷정리|라도|마다|무슨|사이|소용|시도|싸우|아니|어떻|어쨌든|음악|이제|자기|잖아|정말|지금|진지|최악|친구|친하|하나,ᆫ다|대하|라고|라는|부탁|불평|에게
489,dev_490,33,8,4,0.1212,0.5,ᆫ다|결혼|고맙|그렇지만|근데|급하|너희|놀라|다는|라고|만나|모르|빨리|사람|생각|생활|소식|아니|어떻|어울리|오래|완전|우리|운명|정말|줄리아|지금|지난달|처음|축하|함께|행복|후회,ᆫ다|결혼|다고|서두르|에게|줄리아|지만|행복,ᆫ다|결혼|줄리아|행복,고맙|그렇지만|근데|급하|너희|놀라|다는|라고|만나|모르|빨리|사람|생각|생활|소식|아니|어떻|어울리|오래|완전|우리|운명|정말|지금|지난달|처음|축하|함께|후회,다고|서두르|에게|지만
490,dev_491,84,29,16,0.1905,0.5517,200|bill|gates|ᆫ다면|ᆫ데|ᆫ지|각각|거기|게스트|고용|관리|굉장|구나|그거|그것|그래서|그럼|그렇|극장|근처|꾸미|꿈꾸|너무|는데|다고|다른|단지|대략|더욱|도서관|돌보|때문|려고|려면|리모컨|마을|멋지|모든|바다|방식|복원|사람|사실|상상|상상력|상태|새로|생각|세우|수영장|시대|아니|아이|어떤|어떻|어서|어야|에서|연결|오두막|오래|원래|으로|인터넷|잉글랜드|자극|자체|정말|정원|조용|좋아하|중고|중요|지만|처럼|청소|컴퓨터|특징|필요|하우스|한두|항상|현대|혼자,bill|gates|ᆸ니다|게스트하우스|관리|그곳|그러나|극장|너무|다고|대신|대하|도서관|독특|때문|마을|선호|설명|수영장|습니다|어서|에게|오두막|오래|이유|잉글랜드|조용|포함|혼자,bill|gates|관리|극장|너무|다고|도서관|때문|마을|수영장|어서|오두막|오래|잉글랜드|조용|혼자,200|ᆫ다면|ᆫ데|ᆫ지|각각|거기|게스트|고용|굉장|구나|그거|그것|그래서|그럼|그렇|근처|꾸미|꿈꾸|는데|다른|단지|대략|더욱|돌보|려고|려면|리모컨|멋지|모든|바다|방식|복원|사람|사실|상상|상상력|상태|새로|생각|세우|시대|아니|아이|어떤|어떻|어야|에서|연결|원래|으로|인터넷|자극|자체|정말|정원|좋아하|중고|중요|지만|처럼|청소|컴퓨터|특징|필요|하우스|한두|항상|현대,ᆸ니다|게스트하우스|그곳|그러나|대신|대하|독특|선호|설명|습니다|에게|이유|포함
491,dev_492,35,12,11,0.3143,0.9167,ᆯ까요|ᆯ로|ᆸ니다|감사|계란|곡물|과일|그거|다과|드리|바르|바삭|버터|베이컨|세요|습니다|아니|아주|아침|어떻|어요|오늘|오브|요리|위트|으세요|접시|주스|충분|케이크|크림|토마토|토스트|프라이|필요,ᆸ니다|계란|바삭|베이컨|오브|위트|접시|주문|주스|크림|토마토|프라이,ᆸ니다|계란|바삭|베이컨|오브|위트|접시|주스|크림|토마토|프라이,ᆯ까요|ᆯ로|감사|곡물|과일|그거|다과|드리|바르|버터|세요|습니다|아니|아주|아침|어떻|어요|오늘|요리|으세요|충분|케이크|토스트|필요,주문
492,dev_493,20,6,4,0.2,0.6667,...|8|그러면|나요|드리|문제|붙이|사각|사용|습니다|어서|예약|원하|을까요|잠시|저기|죄송|지금|지만|테이블,8|도록|붙이|습니다|준비|테이블,8|붙이|습니다|테이블,...|그러면|나요|드리|문제|사각|사용|어서|예약|원하|을까요|잠시|저기|죄송|지금|지만,도록|준비
493,dev_494,66,18,12,0.1818,0.6667,...|거나|걸스|계속|과민|그러|그렇|나쁘|남성|남자|놓치|다는|단어|단지|달링|대하|동등|동료|때문|라고|면서|무슨|문제|바꾸|반응|발언|별명|부르|부분|불쾌|사람|상사|생기|성희롱|스위트|신고|아니|아마|어렵|어서|어야|업계|업종|에서|여자|우리|위주|으로|이런|이미|잖아|적절|절대|정말|정말로|존중|직원|진지|질리|차별|태도|툭툭|하트|한테|항상|핵심,ᆫ다|과민|다고|대하|라고|바꾸|반응|발언|불만|상사|생각|성희롱|신고|어렵|에게|으로|차별|토로,과민|대하|라고|바꾸|반응|발언|상사|성희롱|신고|어렵|으로|차별,...|거나|걸스|계속|그러|그렇|나쁘|남성|남자|놓치|다는|단어|단지|달링|동등|동료|때문|면서|무슨|문제|별명|부르|부분|불쾌|사람|생기|스위트|아니|아마|어서|어야|업계|업종|에서|여자|우리|위주|이런|이미|잖아|적절|절대|정말|정말로|존중|직원|진지|질리|태도|툭툭|하트|한테|항상|핵심,ᆫ다|다고|불만|생각|에게|토로
494,dev_495,47,7,4,0.0851,0.5714,16|ᆫ데|결심|계획|구나|그것|그래|그래서|그런|그리고|그만|기회|니까|다르|담배|도시|드디어|라고|라도|려고|마지막|모든|미술|바꾸|부터|새롭|새해|생각|생기|수업|시작|아끼|아니|어야|으니까|으로|이랑|이번|이제|일단|정말로|조금|직장|출발|친구|커밍아웃|피우,ᆸ니다|결심|담배|새해|습니다|지지|커밍아웃,결심|담배|새해|커밍아웃,16|ᆫ데|계획|구나|그것|그래|그래서|그런|그리고|그만|기회|니까|다르|도시|드디어|라고|라도|려고|마지막|모든|미술|바꾸|부터|새롭|생각|생기|수업|시작|아끼|아니|어야|으니까|으로|이랑|이번|이제|일단|정말로|조금|직장|출발|친구|피우,ᆸ니다|습니다|지지
495,dev_496,17,7,3,0.1765,0.4286,joe|ᆫ지|ᆯ로|결혼|그거|그것|기억|는데|마음|모르|무슨|반하|사람|잠깐|지만|처음|한테,joe|ᆸ니다|결혼|다고|부인|생각|지만,joe|결혼|지만,ᆫ지|ᆯ로|그거|그것|기억|는데|마음|모르|무슨|반하|사람|잠깐|처음|한테,ᆸ니다|다고|부인|생각
496,dev_497,58,22,12,0.2069,0.5455,ᆫ가|ᆯ까요|가져오|공연|군요|그러|그럼|그렇|길래|까지|내일|네요|는데|다시|도착|드리|라면|마치|맡기|바퀴|버스|부품|브레이크|새로|생각|소리|속도|손상|시간|시작|아이고|아줌마|아침|어도|어떤|어떻|어서|어서요|어야|어요|에서|예요|오늘|오전|오후|운전|위험|으고|을까|이렇게|이상|입장|죄송|주문|줄이|지금|지만|확인,ᆸ니다|가능|걸리|공연|권장|까지|내일|버스|부품|브레이크|사용|상황|소리|수리|시간|안전|에서|오늘|위하|주문|지만|필요,공연|까지|내일|버스|부품|브레이크|소리|시간|에서|오늘|주문|지만,ᆫ가|ᆯ까요|가져오|군요|그러|그럼|그렇|길래|네요|는데|다시|도착|드리|라면|마치|맡기|바퀴|새로|생각|속도|손상|시작|아이고|아줌마|아침|어도|어떤|어떻|어서|어서요|어야|어요|예요|오전|오후|운전|위험|으고|을까|이렇게|이상|입장|죄송|줄이|지금|확인,ᆸ니다|가능|걸리|권장|사용|상황|수리|안전|위하|필요
497,dev_498,62,14,11,0.1774,0.7857,10|113|113-7423935|13|2|53|7423935|ra|salvatore|ᆫ가|ᆫ가요|ᆯ게요|ᆯ까요|ᆸ니다|가지|감사|계속|계시|고객|구매|그럼|그렇|기존|나요|다가|다면|드리|말씀|문제|반송|발견|번호|보내|부분|사진|서비스|세요|습니다|아니요|아마존|안녕하세요|알리|어도|어떻|어서|어야|어요|어제|업로드|에서|여보세요|웹사이트|으로|으시|저희|종이|주문|페이지|필요|하루|헌터|확인,53|ᆸ니다|고객|구매|다고|문제|보내|서비스|아마존|안내|에서|전화|페이지|확인,53|ᆸ니다|고객|구매|문제|보내|서비스|아마존|에서|페이지|확인,10|113|113-7423935|13|2|7423935|ra|salvatore|ᆫ가|ᆫ가요|ᆯ게요|ᆯ까요|가지|감사|계속|계시|그럼|그렇|기존|나요|다가|다면|드리|말씀|반송|발견|번호|부분|사진|세요|습니다|아니요|안녕하세요|알리|어도|어떻|어서|어야|어요|어제|업로드|여보세요|웹사이트|으로|으시|저희|종이|주문|필요|하루|헌터,다고|안내|전화
498,dev_499,68,17,10,0.1471,0.5882,ᆫ데|가져오|가족|그거|그냥|그래도|그래서|그러|그럼|그리고|끝나|나쁘|내일|는지|다가오|다니|다른|도록|도와주|들리|만나|멋지|모든|모르|모임|믿기|방학|벌써|별로|보이|보조|보통|부분|빨리|사람|생일|서빙|설거지|시작|어도|어떤|어야|언제|에게|에서|여름|예쁘|올해|요리|우리|으니|음료|음식|음악|이랑|이번|정리|정말|정확히|제공|제일|준비|처럼|청소|테이블|트럭|파티|회사,ᆸ니다|그것|동안|라고|멋지|방학|생각|서빙|업무|에서|여름|음식|정리|주로|준비|파티|회사,멋지|방학|서빙|에서|여름|음식|정리|준비|파티|회사,ᆫ데|가져오|가족|그거|그냥|그래도|그래서|그러|그럼|그리고|끝나|나쁘|내일|는지|다가오|다니|다른|도록|도와주|들리|만나|모든|모르|모임|믿기|벌써|별로|보이|보조|보통|부분|빨리|사람|생일|설거지|시작|어도|어떤|어야|언제|에게|예쁘|올해|요리|우리|으니|음료|음악|이랑|이번|정말|정확히|제공|제일|처럼|청소|테이블|트럭,ᆸ니다|그것|동안|라고|생각|업무|주로
